  0.300000012  1.9574213  56.3553848 -8.25089455
  0.310000002  1.8989259  55.5493546 -8.60426331
  0.319999993  1.84358692  54.7601357 -8.98874378
  0.330000013  1.79112709  53.9873886 -9.40813828
  0.340000004  1.74130821  53.2308083 -9.86680317
  0.349999994  1.69392562  52.4900932 -10.3697615
  0.360000014  1.64880097  51.7649155 -10.9228687
  0.370000005  1.60578203  51.0549965 -11.5329514
  0.379999995  1.56473601  50.3599701 -12.2080936
  0.389999986  1.52555037  49.6795311 -12.9578352
  0.400000006  1.48812807  49.0133705 -13.7935781
  0.409999996  1.45238996  48.3611908 -14.7289734
  0.419999987  1.41827214  47.722641 -15.7804403
  0.430000007  1.38572657  47.0974388 -16.9677773
  0.439999998  1.35472369  46.4852867 -18.3149376
  0.449999988  1.32525277  45.8858643 -19.8507767
  0.460000008  1.29732633  45.2988701 -21.6099625
  0.469999999  1.27098548  44.724041 -23.6334095
  0.479999989  1.24630725  44.1610718 -25.968317
  0.49000001  1.22341406  43.6096725 -28.6665325
  0.5  1.20248723  43.0695686 -31.7796211
  0.50999999  1.18377936  42.5405121 -35.3488159
  0.519999981  1.1676271  42.0221825 -39.387085
  0.529999971  1.15444589  41.5143852 -43.8536491
  0.540000021  1.14469767  41.0168076 -48.6285133
  0.550000012  1.1388098  40.5292358 -53.5071526
  0.560000002  1.13705385  40.0514183 -58.2347107
  0.569999993  1.13943934  39.5830841 -62.576683
  0.579999983  1.1456908  39.1240463 -66.3835297
  0.589999974  1.15533042  38.6740646 -69.6099854
  0.600000024  1.16780329  38.2328911 -72.2896729
  0.610000014  1.18258357  37.8003387 -74.4959946
  0.620000005  1.19922435  37.3761749 -76.3116379
  0.629999995  1.21737039  36.9602089 -77.8126831
  0.639999986  1.23674929  36.5522385 -79.0628433
  0.649999976  1.25715375  36.15205 -80.113121
  0.660000026  1.27842844  35.7594681 -81.0034561
  0.670000017  1.30045521  35.3743095 -81.7649765
  0.680000007  1.32314527  34.9963875 -82.4218369
  0.689999998  1.34642887  34.6255379 -82.9929504
  0.699999988  1.37025356  34.26157 -83.4931717
  0.709999979  1.39457726  33.9043198 -83.9342575
  0.720000029  1.41936707  33.5536308 -84.3256378
  0.730000019  1.44459653  33.209343 -84.6748886
  0.74000001  1.47024465  32.8713226 -84.9881973
  0.75  1.49629474  32.5393753 -85.2705994
  0.75999999  1.52273238  32.2134171 -85.5262833
  0.769999981  1.54954612  31.8932381 -85.7587204
  0.779999971  1.57672668  31.578743 -85.9708252
  0.790000021  1.60426617  31.2697792 -86.1650543
  0.800000012  1.63215768  30.9662361 -86.343483
  0.810000002  1.66039574  30.667984 -86.5078888
  0.819999993  1.68897617  30.3748741 -86.6598053
  0.829999983  1.71789455  30.0868225 -86.8005371
  0.839999974  1.74714792  29.8036842 -86.9312363
  0.850000024  1.7767328  29.5253601 -87.0528793
  0.860000014  1.8066473  29.2517357 -87.1663513
  0.870000005  1.83688915  28.9827042 -87.2723999
  0.879999995  1.86745667  28.7181625 -87.3717117
  0.889999986  1.89834833  28.4579887 -87.4648666
  0.899999976  1.92956281  28.2021141 -87.5524063
  0.910000026  1.96109962  27.9504433 -87.6347885
  0.920000017  1.99295664  27.7028427 -87.7124329
  0.930000007  2.02513361  27.4592552 -87.7857285
  0.939999998  2.05763054  27.219593 -87.8550034
  0.949999988  2.09044552  26.9837608 -87.9205551
  0.959999979  2.12357903  26.7516708 -87.9826736
  0.970000029  2.15703106  26.5232277 -88.0415955
  0.980000019  2.19079971  26.2983894 -88.0975571
  0.99000001  2.22488666  26.0770569 -88.1507492
  1.  2.25929046  25.8591537 -88.2013779
