 1  4.26421022  27835.7617  27840.0254  2.72310591  147.181274
 3  38.3467369  27801.8477  27840.1953  6.36944962  44.7646523
 5  106.345718  27734.0625  27840.4082  4.66127729 -159.44548
 7  207.929932  27632.4863  27840.416 -5.93442249 -464.206696
 9  342.604431  27497.2461  27839.8496 -28.8971291 -867.663025
 11  509.713043  27328.502  27838.2148 -67.6309586 -1367.35474
 13  708.441589  27126.4648  27834.9062 -125.436935 -1960.2323
 15  937.822205  26891.377  27829.1992 -205.518784 -2642.66675
 17  1196.73682  26623.5273  27820.2637 -310.925812 -3410.47461
 19  1483.92456  26323.2402  27807.1641 -444.555878 -4258.93848
 21  1797.98608  25990.8809  27788.8672 -609.135254 -5182.82617
 23  2137.39136  25626.8594  27764.25 -807.19281 -6176.42432
 25  2500.48682  25231.6133  27732.0996 -1041.06653 -7233.55957
 27  2885.50317  24805.625  27691.1289 -1312.85547 -8347.6377
 29  3290.56494  24349.416  27639.9805 -1624.42529 -9511.67578
 31  3713.69897  23863.541  27577.2402 -1977.3938 -10718.335
 33  4152.84375  23348.5898  27501.4336 -2373.11499 -11959.9648
 35  4605.85938  22805.1934  27411.0527 -2812.6731 -13228.6299
 37  5070.53809  22234.0176  27304.5547 -3296.86401 -14516.1699
 39  5544.61768  21635.748  27180.3652 -3826.21167 -15814.2207
 41  6025.78857  21011.1172  27036.9062 -4400.92969 -17114.2715
 43  6511.70508  20360.8887  26872.5938 -5020.93799 -18407.707
 45  6999.99951  19685.8535  26685.8535 -5685.854 -19685.8555
 47  7488.29541  18986.8398  26475.1348 -6394.98779 -20940.0215
 49  7974.21143  18264.6875  26238.8984 -7147.36035 -22161.5332
 51  8455.38086  17520.2832  25975.6641 -7941.67627 -23341.8086
 53  8929.46289  16754.5332  25683.9961 -8776.34863 -24472.3789
 55  9394.14062  15968.3701  25362.5117 -9649.49707 -25544.9336
 57  9847.15625  15162.7578  25009.9141 -10558.9502 -26551.3809
 59  10286.3008  14338.6602  24624.9609 -11502.2734 -27483.8633
 61  10709.4346  13497.1045  24206.5391 -12476.7393 -28334.8457
 63  11114.4971  12639.0996  23753.5977 -13479.3838 -29097.0859
 65  11499.5137  11765.6953  23265.209 -14506.9873 -29763.748
 67  11862.6074  10877.959  22740.5664 -15556.0967 -30328.3906
 69  12202.0137  9976.96777  22178.9805 -16623.0508 -30785.0215
 71  12516.0752  9063.82031  21579.8945 -17703.9785 -31128.1211
 73  12803.2617  8139.63281  20942.8945 -18794.8223 -31352.6836
 75  13062.1777  7205.52588  20267.7031 -19891.375 -31454.2363
 77  13291.5586  6262.63965  19554.1992 -20989.2676 -31428.873
 79  13490.2861  5312.12695  18802.4141 -22084.0078 -31273.2734
 81  13657.3965  4355.13867  18012.5352 -23171.0059 -30984.7207
 83  13792.0693  3392.84473  17184.9141 -24245.5801 -30561.125
 85  13893.6553  2426.42017  16320.0752 -25302.9863 -30001.0371
 87  13961.6533  1457.03601  15418.6895 -26338.4492 -29303.6484
 89  13995.7363  485.876801  14481.6133 -27347.1699 -28468.8203
 91  13995.7363 -485.871063  13509.8652 -28324.3535 -27497.0723
 93  13961.6533 -1457.03027  12504.623 -29265.2461 -26389.582
 95  13893.6553 -2426.41431  11467.2412 -30165.1387 -25148.2031
 97  13792.0693 -3392.83887  10399.2305 -31019.3926 -23775.4414
 99  13657.3965 -4355.1333  9302.26367 -31823.4824 -22274.4492
 101  13490.2861 -5312.12109  8178.16504 -32572.9961 -20649.0254
 103  13291.5586 -6262.63428  7028.92432 -33263.6602 -18903.5996
 105  13062.1777 -7205.52002  5856.65771 -33891.3789 -17043.1914
 107  12803.2617 -8139.62744  4663.63428 -34452.2266 -15073.4238
 109  12516.0762 -9063.81445  3452.26172 -34942.5 -13000.4883
 111  12202.0146 -9976.96191  2225.05273 -35358.7109 -10831.0938
 113  11862.6084 -10877.9541  984.654297 -35697.6172 -8572.47852
 115  11499.5117 -11765.6934 -266.181641 -35956.2344 -6232.35693
 117  11114.498 -12639.0908 -1524.59277 -36131.8633 -3818.90137
 119  10709.4346 -13497.0967 -2787.66211 -36222.0898 -1340.64661
 121  10286.3008 -14338.6582 -4052.35742 -36224.8086  1193.45215
 123  9847.15625 -15162.75 -5315.59375 -36138.2266  3774.12378
 125  9394.14062 -15968.3682 -6574.22754 -35960.8906  6391.80615
 127  8929.46094 -16754.5312 -7825.07031 -35691.6797  9036.68945
 129  8455.38379 -17520.2773 -9064.89355 -35329.8125  11698.7432
 131  7974.21191 -18264.6816 -10290.4697 -34874.8711  14367.8301
 133  7488.29541 -18986.834 -11498.5391 -34326.7891  17033.6504
 135  6999.99951 -19685.8535 -12685.8535 -33685.8555  19685.8535
 137  6511.70361 -20360.8887 -13849.1855 -32952.7344  22314.0723
 139  6025.78711 -21011.1152 -14985.3281 -32128.4375  24907.9688
 141  5544.62012 -21635.7422 -16091.1221 -31214.3516  27457.2637
 143  5070.54004 -22234.0117 -17163.4727 -30212.1992  29951.8535
 145  4605.85938 -22805.1934 -18199.334 -29124.0684  32381.7559
 147  4152.84375 -23348.5898 -19195.7461 -27952.3906  34737.2148
 149  3713.69824 -23863.5391 -20149.8398 -26699.9277  37008.7461
 151  3290.56421 -24349.4141 -21058.8496 -25369.7734  39187.1602
 153  2885.50439 -24805.6211 -21920.1172 -23965.3398  41263.6016
 155  2500.48755 -25231.6094 -22731.1211 -22490.3203  43229.6602
 157  2137.3916 -25626.8555 -23489.4648 -20948.7168  45077.2891
 159  1797.98596 -25990.8809 -24192.8945 -19344.7949  46798.9375
 161  1483.92432 -26323.2383 -24839.3145 -17683.0781  48387.543
 163  1196.73816 -26623.5254 -25426.7871 -15968.3389  49836.5703
 165  937.822815 -26891.375 -25953.5527 -14205.5303  51140.0859
 167  708.442078 -27126.4629 -26418.0215 -12399.8389  52292.6953
 169  509.713104 -27328.502 -26818.7891 -10556.6182  53289.6484
 171  342.604309 -27497.2441 -27154.6406 -8681.375  54126.8281
 173  207.929703 -27632.4863 -27424.5566 -6779.74805  54800.7695
 175  106.346062 -27734.0625 -27627.7168 -4857.50049  55308.6758
 177  38.3468704 -27801.8477 -27763.5 -2920.43921  55648.4609
 179  4.26423597 -27835.7617 -27831.498 -974.473328  55818.7031
 181  4.26420498 -27835.7617 -27831.498  974.464905  55818.7031
 183  38.3467751 -27801.8477 -27763.5  2920.43091  55648.4609
 185  106.345901 -27734.0625 -27627.7168  4857.49219  55308.6797
 187  207.929474 -27632.4883 -27424.5586  6779.73975  54800.7695
 189  342.603973 -27497.2461 -27154.6426  8681.36621  54126.8281
 191  509.712769 -27328.5039 -26818.791  10556.6104  53289.6523
 193  708.441589 -27126.4648 -26418.0234  12399.8311  52292.6992
 195  937.822388 -26891.377 -25953.5547  14205.5225  51140.0859
 197  1196.73755 -26623.5273 -25426.7891  15968.3311  49836.5742
 199  1483.92371 -26323.2402 -24839.3164  17683.0703  48387.5469
 201  1797.98523 -25990.8828 -24192.8984  19344.7871  46798.9414
 203  2137.39111 -25626.8574 -23489.4668  20948.709  45077.293
 205  2500.48682 -25231.6113 -22731.125  22490.3125  43229.6641
 207  2885.50391 -24805.623 -21920.1191  23965.334  41263.6094
 209  3290.56616 -24349.4141 -21058.8477  25369.7754  39187.1484
 211  3713.69727 -23863.543 -20149.8457  26699.9219  37008.75
 213  4152.84277 -23348.5918 -19195.75  27952.3828  34737.2227
 215  4605.85791 -22805.1973 -18199.3398  29124.0625  32381.7617
 217  5070.53857 -22234.0156 -17163.4766  30212.1934  29951.8613
 219  5544.61914 -21635.7461 -16091.127  31214.3477  27457.2715
 221  6025.78906 -21011.1152 -14985.3262  32128.4375  24907.959
 223  6511.70264 -20360.8926 -13849.1895  32952.7266  22314.0801
 225  6999.99854 -19685.8574 -12685.8594  33685.8516  19685.8613
 227  7488.29541 -18986.8379 -11498.543  34326.7812  17033.6582
 229  7974.21191 -18264.6855 -10290.4736  34874.8672  14367.8389
 231  8455.38184 -17520.2812 -9064.89941  35329.8125  11698.751
 233  8929.45898 -16754.5371 -7825.07812  35691.6758  9036.69824
 235  9394.14258 -15968.3682 -6574.22559  35960.8906  6391.79688
 237  9847.15625 -15162.7549 -5315.59863  36138.2266  3774.13257
 239  10286.2988 -14338.6689 -4052.37012  36224.8047  1193.47852
 241  10709.4346 -13497.1025 -2787.66797  36222.0859 -1340.63782
 243  11114.4951 -12639.1035 -1524.6084  36131.8594 -3818.87598
 245  11499.5137 -11765.6934 -266.179688  35956.2305 -6232.36426
 247  11862.6074 -10877.96  984.647461  35697.6133 -8572.4707
 249  12202.0156 -9976.96191  2225.05371  35358.707 -10831.0996
 251  12516.0752 -9063.82129  3452.25391  34942.5 -13000.4795
 253  12803.2607 -8139.63672  4663.62402  34452.2305 -15073.4082
 255  13062.1787 -7205.52344  5856.65527  33891.375 -17043.1895
 257  13291.5586 -6262.64355  7028.91504  33263.6641 -18903.5859
 259  13490.2881 -5312.12109  8178.16699  32572.9922 -20649.0293
 261  13657.3945 -4355.13965  9302.25488  31823.4844 -22274.4414
 263  13792.0693 -3392.85205  10399.2168  31019.3984 -23775.4258
 265  13893.6553 -2426.41772  11467.2373  30165.1367 -25148.1992
 267  13961.6533 -1457.04028  12504.6133  29265.252 -26389.5723
 269  13995.7363 -485.87439  13509.8623  28324.3516 -27497.0684
 271  13995.7363  485.870178  14481.6064  27347.1719 -28468.8145
 273  13961.6533  1457.03601  15418.6895  26338.4434 -29303.6484
 275  13893.6553  2426.41357  16320.0684  25302.9883 -30001.0312
 277  13792.0713  3392.83472  17184.9062  24245.5859 -30561.1172
 279  13657.3945  4355.13525  18012.5293  23171.0059 -30984.7168
 281  13490.2881  5312.11719  18802.4062  22084.0156 -31273.2676
 283  13291.5566  6262.63965  19554.1953  20989.2637 -31428.8691
 285  13062.1777  7205.51904  20267.6973  19891.3789 -31454.2324
 287  12803.2656  8139.62012  20942.8867  18794.834 -31352.6797
 289  12516.0752  9063.81641  21579.8906  17703.9785 -31128.1172
 291  12202.0146  9976.95801  22178.9727  16623.0586 -30785.0195
 293  11862.6074  10877.9561  22740.5625  15556.0967 -30328.3848
 295  11499.5137  11765.6895  23265.2031  14506.9912 -29763.7461
 297  11114.5  12639.0879  23753.5879  13479.3945 -29097.0859
 299  10709.4346  13497.0986  24206.5332  12476.7422 -28334.8379
 301  10286.3037  14338.6543  24624.957  11502.2793 -27483.8672
 303  9847.1543  15162.752  25009.9062  10558.9531 -26551.373
 305  9394.14258  15968.3643  25362.5078  9649.50195 -25544.9336
 307  8929.45898  16754.5332  25683.9922  8776.34766 -24472.3691
 309  8455.38184  17520.2793  25975.6602  7941.68066 -23341.8066
 311  7974.21436  18264.6777  26238.8926  7147.36963 -22161.5371
 313  7488.29395  18986.8359  26475.1289  6394.99219 -20940.0137
 315  7000.00244  19685.8496  26685.8516  5685.85889 -19685.8574
 317  6511.70264  20360.8887  26872.5918  5020.93848 -18407.7012
 319  6025.78906  21011.1133  27036.9023  4400.93457 -17114.2695
 321  5544.62207  21635.7383  27180.3594  3826.22046 -15814.2256
 323  5070.53809  22234.0137  27304.5508  3296.86938 -14516.166
 325  4605.86084  22805.1895  27411.0508  2812.67676 -13228.6357
 327  4152.84229  23348.5898  27501.4316  2373.11621 -11959.959
 329  3713.69971  23863.5371  27577.2363  1977.39783 -10718.3379
 331  3290.56299  24349.416  27639.9785  1624.42786 -9511.66797
 333  2885.50342  24805.6211  27691.125  1312.86084 -8347.63574
 335  2500.48877  25231.6074  27732.0957  1041.07483 -7233.56299
 337  2137.39087  25626.8574  27764.248  807.200012 -6176.41992
 339  1797.98743  25990.8789  27788.8672  609.138916 -5182.82861
 341  1483.92358  26323.2402  27807.1641  444.559082 -4258.93359
 343  1196.73743  26623.5254  27820.2637  310.930695 -3410.47485
 345  937.823853  26891.375  27829.1992  205.525726 -2642.67017
 347  708.441528  27126.4648  27834.9062  125.444054 -1960.2301
 349  509.713928  27328.502  27838.2168  67.6331177 -1367.35693
 351  342.603912  27497.2461  27839.8496  28.900198 -867.661072
 353  207.930206  27632.4863  27840.416  5.93867588 -464.207062
 355  106.346428  27734.0605  27840.4062 -4.65596914 -159.447128
 357  38.3467407  27801.8477  27840.1953 -6.36293125  44.7649765
 359  4.26430988  27835.7617  27840.0254 -2.71552086  147.181122
