 1  4.26421022 -10358.4941 -10354.2295 -9514.48828  38341.4375
 3  38.3467369 -10701.2861 -10662.9395 -8172.08301  38547.8984
 5  106.345718 -11031.04 -10924.6943 -6825.06836  38605.6562
 7  207.929932 -11347.3555 -11139.4258 -5478.61914  38515.6367
 9  342.604431 -11649.8457 -11307.2412 -4137.87061  38279.4297
 11  509.713043 -11938.1416 -11428.4287 -2807.88647  37899.2891
 13  708.441589 -12211.8926 -11503.4512 -1493.64258  37378.125
 15  937.822205 -12470.7666 -11532.9443 -200.000488  36719.4766
 17  1196.73682 -12714.4463 -11517.709  1068.30896  35927.5
 19  1483.92456 -12942.6348 -11458.71  2306.71533  35006.9375
 21  1797.98608 -13155.0557 -11357.0693  3510.82056  33963.1094
 23  2137.39136 -13351.4482 -11214.0566  4676.42139  32801.8828
 25  2500.48682 -13531.5742 -11031.0879  5799.53174  31529.627
 27  2885.50317 -13695.2148 -10809.7119  6876.39209  30153.2031
 29  3290.56494 -13842.1689 -10551.6035  7903.49463  28679.9082
 31  3713.69897 -13972.2588 -10258.5596  8877.58984  27117.4648
 33  4152.84375 -14085.3262 -9932.48242  9795.70801  25473.9512
 35  4605.85938 -14181.2324 -9575.37305  10655.1621  23757.7969
 37  5070.53809 -14259.8613 -9189.32324  11453.5703  21977.709
 39  5544.61768 -14321.1162 -8776.49805  12188.8564  20142.6426
 41  6025.78857 -14364.9229 -8339.13477  12859.2598  18261.7695
 43  6511.70508 -14391.2285 -7879.52344  13463.3438  16344.4111
 45  6999.99951 -14400.001 -7400.00146  14000.  14400.
 47  7488.29541 -14391.2285 -6902.93311  14468.4492  12438.0479
 49  7974.21143 -14364.9229 -6390.71143  14868.2461  10468.0771
 51  8455.38086 -14321.1162 -5865.73535  15199.2754  8499.59082
 53  8929.46289 -14259.8613 -5330.39844  15461.7559  6542.01514
 55  9394.14062 -14181.2324 -4787.0918  15656.2305  4604.66943
 57  9847.15625 -14085.3262 -4238.16992  15783.5645  2696.70215
 59  10286.3008 -13972.2598 -3685.95898  15844.9414  827.055237
 61  10709.4346 -13842.1689 -3132.73438  15841.8516 -995.57251
 63  11114.4971 -13695.2148 -2580.71777  15776.083 -2762.77075
 65  11499.5137 -13531.5742 -2032.06055  15649.7119 -4466.479
 67  11862.6074 -13351.4492 -1488.8418  15465.0928 -6098.98291
 69  12202.0137 -13155.0557 -953.041992  15224.8369 -7652.99854
 71  12516.0752 -12942.6348 -426.55957  14931.8057 -9121.66602
 73  12803.2617 -12714.4473  88.8144531  14589.0918 -10498.6035
 75  13062.1777 -12470.7666  591.411133  14200.001 -11777.9434
 77  13291.5586 -12211.8936  1079.66504  13768.0332 -12954.3398
 79  13490.2861 -11938.1426  1552.14355  13296.8711 -14023.0039
 81  13657.3965 -11649.8457  2007.55078  12790.3457 -14979.7363
 83  13792.0693 -11347.3555  2444.71387  12252.4316 -15820.9248
 85  13893.6553 -11031.041  2862.61426  11687.2178 -16543.5742
 87  13961.6533 -10701.2861  3260.36719  11098.8799 -17145.3262
 89  13995.7363 -10358.4941  3637.24219  10491.6738 -17624.4492
 91  13995.7363 -10003.082  3992.6543  9869.90137 -17979.8613
 93  13961.6533 -9635.48145  4326.17188  9237.8877 -18211.1309
 95  13893.6553 -9256.14258  4637.5127  8599.96582 -18318.4746
 97  13792.0693 -8865.52637  4926.54297  7960.44971 -18302.7539
 99  13657.3965 -8464.1084  5193.28809  7323.60742 -18165.4746
 101  13490.2861 -8052.37842  5437.90771  6693.64893 -17908.7695
 103  13291.5586 -7630.83789  5660.7207  6074.69873 -17535.3965
 105  13062.1777 -7200.  5862.17773  5470.76709 -17048.7109
 107  12803.2617 -6760.39014  6042.87158  4885.74512 -16452.6602
 109  12516.0762 -6312.54639  6203.52979  4323.37451 -15751.7559
 111  12202.0146 -5857.00928  6345.00537  3787.22656 -14951.0459
 113  11862.6084 -5394.33594  6468.27246  3280.69019 -14056.0967
 115  11499.5117 -4925.09033  6574.42139  2806.95117 -13072.959
 117  11114.498 -4449.84766  6664.65039  2368.97803 -12008.1445
 119  10709.4346 -3969.18042  6740.25391  1969.49658 -10868.5625
 121  10286.3008 -3483.67725  6802.62354  1610.99316 -9661.52832
 123  9847.15625 -2993.92969  6853.22656  1295.6897 -8394.69629
 125  9394.14062 -2500.53442  6893.60645  1025.5354 -7076.02734
 127  8929.46094 -2004.09277  6925.36816  802.196777 -5713.74902
 129  8455.38379 -1505.21277  6950.1709  627.050232 -4316.3208
 131  7974.21191 -1004.49554  6969.71631  501.170471 -2892.35547
 133  7488.29541 -502.554474  6985.74072  425.332184 -1450.62878
 135  6999.99951 -.00108716986  6999.99854  400.000977  .00142106647
 137  6511.70361  502.552277  7014.25586  425.332275  1450.63159
 139  6025.78711  1004.49335  7030.28027  501.170685  2892.3584
 141  5544.62012  1505.20728  7049.82715  627.0495  4316.31396
 143  5070.54004  2004.09058  7074.63086  802.197205  5713.75146
 145  4605.85938  2500.53247  7106.3916  1025.53589  7076.03027
 147  4152.84375  2993.92749  7146.77148  1295.69031  8394.69922
 149  3713.69824  3483.67505  7197.37305  1610.9939  9661.53125
 151  3290.56421  3969.17847  7259.74268  1969.49731  10868.5654
 153  2885.50439  4449.84229  7335.34668  2368.97583  12008.1396
 155  2500.48755  4925.08838  7425.57617  2806.9519  13072.9619
 157  2137.3916  5394.33398  7531.72559  3280.69141  14056.0996
 159  1797.98596  5857.00732  7654.99316  3787.22778  14951.0488
 161  1483.92432  6312.54443  7796.46875  4323.37598  15751.7588
 163  1196.73816  6760.38818  7957.12646  4885.74365  16452.6602
 165  937.822815  7199.99805  8137.8208  5470.76562  17048.7109
 167  708.442078  7630.83643  8339.27832  6074.69678  17535.3965
 169  509.713104  8052.37695  8562.08984  6693.6499  17908.7695
 171  342.604309  8464.10742  8806.71191  7323.60889  18165.4746
 173  207.929703  8865.52539  9073.45508  7960.45117  18302.7559
 175  106.346062  9256.13965  9362.48535  8599.96484  18318.4766
 177  38.3468704  9635.47949  9673.82617  9237.88672  18211.1328
 179  4.26423597  10003.0801  10007.3447  9869.90039  17979.8633
 181  4.26420498  10358.4932  10362.7578  10491.6748  17624.4512
 183  38.3467751  10701.2861  10739.6328  11098.8809  17145.3281
 185  106.345901  11031.041  11137.3867  11687.2188  16543.5762
 187  207.929474  11347.3535  11555.2832  12252.4316  15820.9287
 189  342.603973  11649.8438  11992.4473  12790.3457  14979.7402
 191  509.712769  11938.1406  12447.8535  13296.8711  14023.0078
 193  708.441589  12211.8926  12920.334  13768.0352  12954.3408
 195  937.822388  12470.7666  13408.5889  14200.002  11777.9443
 197  1196.73755  12714.4463  13911.1836  14589.0938  10498.6035
 199  1483.92371  12942.6338  14426.5576  14931.8057  9121.67188
 201  1797.98523  13155.0547  14953.04  15224.8369  7653.00342
 203  2137.39111  13351.4473  15488.8379  15465.0938  6098.98828
 205  2500.48682  13531.5742  16032.0605  15649.7139  4466.479
 207  2885.50391  13695.2148  16580.7188  15776.084  2762.77051
 209  3290.56616  13842.1689  17132.7344  15841.8525  995.566162
 211  3713.69727  13972.2588  17685.957  15844.9434 -827.049194
 213  4152.84277  14085.3262  18238.168  15783.5664 -2696.69604
 215  4605.85791  14181.2324  18787.0898  15656.2324 -4604.6665
 217  5070.53857  14259.8613  19330.4004  15461.7578 -6542.01514
 219  5544.61914  14321.1162  19865.7344  15199.2773 -8499.5918
 221  6025.78906  14364.9229  20390.7109  14868.2461 -10468.0811
 223  6511.70264  14391.2285  20902.9316  14468.4521 -12438.041
 225  6999.99854  14400.001  21400.  14000.002 -14399.9971
 227  7488.29541  14391.2285  21879.5234  13463.3457 -16344.4082
 229  7974.21191  14364.9238  22339.1367  12859.2607 -18261.7715
 231  8455.38184  14321.1162  22776.498  12188.8564 -20142.6465
 233  8929.45898  14259.8613  23189.3203  11453.5752 -21977.6992
 235  9394.14258  14181.2324  23575.375  10655.1611 -23757.8027
 237  9847.15625  14085.3271  23932.4844  9795.71094 -25473.9492
 239  10286.2988  13972.2607  24258.5586  8877.59863 -27117.4512
 241  10709.4346  13842.1699  24551.6055  7903.49561 -28679.9102
 243  11114.4951  13695.2158  24809.7109  6876.39941 -30153.1953
 245  11499.5137  13531.5742  25031.0879  5799.52979 -31529.6328
 247  11862.6074  13351.4492  25214.0566  4676.42627 -32801.8789
 249  12202.0156  13155.0547  25357.0703  3510.81543 -33963.1172
 251  12516.0752  12942.6357  25458.7109  2306.71729 -35006.9375
 253  12803.2607  12714.4482  25517.709  1068.31848 -35927.4922
 255  13062.1787  12470.7666  25532.9453 -200.001831 -36719.4805
 257  13291.5586  12211.8955  25503.4531 -1493.63586 -37378.125
 259  13490.2881  11938.1416  25428.4297 -2807.89062 -37899.293
 261  13657.3945  11649.8467  25307.2422 -4137.86719 -38279.4297
 263  13792.0693  11347.3584  25139.4277 -5478.60889 -38515.6367
 265  13893.6553  11031.041  24924.6953 -6825.06787 -38605.6602
 267  13961.6533  10701.2891  24662.9414 -8172.07568 -38547.9023
 269  13995.7363  10358.4932  24354.2305 -9514.49121 -38341.4375
 271  13995.7363  10003.083  23998.8203 -10847.083 -37986.0273
 273  13961.6533  9635.48047  23597.1328 -12164.6914 -37482.0938
 275  13893.6553  9256.14062  23149.7969 -13462.1162 -36830.7578
 277  13792.0713  8865.52637  22657.5977 -14734.2559 -36033.8086
 279  13657.3945  8464.10547  22121.5 -15976.0879 -35093.6875
 281  13490.2881  8052.37793  21542.666 -17182.6309 -34013.5273
 283  13291.5566  7630.83398  20922.3906 -18349.0957 -32797.0625
 285  13062.1777  7199.99902  20262.1758 -19470.7656 -31448.7109
 287  12803.2656  6760.39209  19563.6582 -20543.1406 -29973.4512
 289  12516.0752  6312.54248  18828.6172 -21561.8984 -28376.8418
 291  12202.0146  5857.00781  18059.0234 -22522.8809 -26665.0684
 293  11862.6074  5394.33154  17256.9395 -23422.209 -24844.7617
 295  11499.5137  4925.08936  16424.6035 -24256.1953 -22923.1465
 297  11114.5  4449.84668  15564.3467 -25021.4473 -20907.8457
 299  10709.4346  3969.17603  14678.6104 -25714.8438 -18806.916
 301  10286.3037  3483.67603  13769.9795 -26333.5234 -16628.8887
 303  9847.1543  2993.92505  12841.0791 -26874.9648 -14382.5469
 305  9394.14258  2500.5332  11894.6758 -27336.9277 -12077.1035
 307  8929.45898  2004.08813  10933.5469 -27717.5273 -9721.9248
 309  8455.38184  1505.20813  9960.58984 -28015.1836 -7326.73682
 311  7974.21436  1004.49426  8978.70898 -28228.6758 -4901.35352
 313  7488.29395  502.549774  7990.84375 -28357.125 -2455.72803
 315  7000.00244 -.000171718289  7000.00244 -28400. -.00795014948
 317  6511.70264 -502.556976  6009.14551 -28357.125  2455.74585
 319  6025.78906 -1004.49463  5021.29443 -28228.6758  4901.33789
 321  5544.62207 -1505.2085  4039.41357 -28015.1836  7326.72168
 323  5070.53809 -2004.09534  3066.44287 -27717.5234  9721.94238
 325  4605.86084 -2500.53369  2105.32715 -27336.9316  12077.0879
 327  4152.84229 -2993.93213  1158.91016 -26874.9609  14382.5635
 329  3713.69971 -3483.67627  230.023438 -26333.5273  16628.875
 331  3290.56299 -3969.18286 -678.619873 -25714.8379  18806.9316
 333  2885.50342 -4449.84717 -1564.34375 -25021.4531  20907.834
 335  2500.48877 -4925.08984 -2424.60107 -24256.2012  22923.1328
 337  2137.39087 -5394.33838 -3256.94751 -23422.2031  24844.7754
 339  1797.98743 -5857.0083 -4059.021 -22522.8867  26665.0586
 341  1483.92358 -6312.54883 -4828.625 -21561.8906  28376.8555
 343  1196.73743 -6760.39209 -5563.65479 -20543.1465  29973.4434
 345  937.823853 -7199.99951 -6262.17578 -19470.7734  31448.7031
 347  708.441528 -7630.84033 -6922.39893 -18349.0879  32797.0742
 349  509.713928 -8052.37842 -7542.66455 -17182.6387  34013.5234
 351  342.603912 -8464.11133 -8121.50732 -15976.0781  35093.6953
 353  207.930206 -8865.52637 -8657.5957 -14734.2637  36033.8047
 355  106.346428 -9256.14062 -9149.79395 -13462.124  36830.7539
 357  38.3467407 -9635.4834 -9597.13672 -12164.6836  37482.0977
 359  4.26430988 -10003.0811 -9998.81641 -10847.0928  37986.0234
