0.0        90.00    0.00
1.0        88.81  204.00
2.0        87.62  204.00
3.0        87.50  207.24
4.0        87.58  216.94
5.0        87.58  227.69
6.0        87.51  238.13
7.0        87.35  247.65
8.0        87.14  255.93
9.0        86.87  262.92
10.0       86.56  268.74
11.0       86.22  273.56
12.0       85.87  277.29
13.0       85.52  278.11
14.0       85.18  278.81
15.0       84.87  279.00
16.0       84.71  277.55
17.0       84.54  276.18
18.0       84.37  274.90
19.0       84.20  273.69
20.0       83.80  275.43
21.0       83.01  280.56
22.0       82.18  284.64
23.0       81.31  287.92
24.0       80.42  290.60
25.0       79.52  292.83
26.0       78.60  294.70
27.0       77.32  290.94
28.0       76.00  287.87
29.0       74.65  285.33
30.0       73.28  283.19
31.0       72.98  283.37
32.0       72.95  284.09
33.0       72.92  284.80
34.0       72.92  285.21
35.0       72.97  284.91
36.0       73.03  284.61
37.0       73.09  284.31
38.0       73.14  284.01
39.0       73.20  283.70
40.0       72.83  285.38
41.0       72.45  286.99
42.0       72.06  288.54
43.0       71.65  290.02
44.0       71.24  291.44
45.0       70.81  292.80
46.0       70.38  294.10
47.0       70.08  294.79
48.0       69.88  295.11
49.0       69.68  295.42
50.0       69.46  295.67
51.0       69.01  295.35
52.0       68.55  295.05
53.0       68.10  294.75
54.0       67.65  294.47
55.0       67.20  294.20
56.0       66.69  293.91
57.0       66.18  293.63
58.0       65.68  293.37
59.0       65.17  293.11
60.0       64.66  292.87
61.0       63.96  292.74
62.0       62.84  292.87
63.0       61.72  292.99
64.0       60.60  293.10
65.0       60.35  293.65
66.0       60.09  294.19
67.0       59.84  294.72
68.0       59.58  295.24
69.0       59.76  295.88
70.0       60.14  296.57
71.0       60.51  297.28
72.0       60.88  298.00
73.0       61.24  298.75
74.0       61.60  299.51
75.0       61.96  300.28
76.0       60.92  301.16
77.0       58.95  302.00
78.0       56.98  302.76
79.0       55.00  303.44
80.0       54.72  303.90
81.0       54.63  304.34
82.0       54.53  304.79
83.0       54.44  305.22
84.0       54.82  305.66
85.0       55.51  306.11
86.0       56.20  306.57
87.0       56.89  307.05
88.0       57.58  307.55
89.0       58.26  308.07
90.0       58.95  308.61
91.0       59.63  309.17
92.0       59.80  310.34
93.0       59.62  311.90
94.0       59.42  313.45
95.0       59.46  315.65
96.0       59.50  317.94
97.0       59.49  320.23
98.0       59.44  322.51
99.0       59.36  324.79
100.0      59.23  327.05
101.0      59.10  326.62
102.0      58.98  325.52
103.0      58.84  324.43
104.0      58.69  323.34
105.0      58.29  322.95
106.0      57.53  323.57
107.0      56.75  324.16
108.0      55.98  324.73
109.0      55.20  325.27
110.0      54.42  325.80
111.0      53.81  326.35
112.0      53.88  327.12
113.0      53.94  327.88
114.0      53.99  328.65
115.0      54.04  329.42
116.0      54.08  330.19
117.0      53.91  330.07
118.0      53.59  329.36
119.0      53.26  328.66
120.0      52.93  327.97
121.0      52.97  328.13
122.0      53.04  328.39
123.0      53.03  328.78
124.0      52.70  329.69
125.0      52.35  330.59
126.0      52.00  331.47
127.0      51.65  332.34
128.0      51.29  333.20
129.0      50.92  334.04
130.0      50.54  334.87
131.0      50.18  335.59
132.0      50.01  335.53
133.0      49.83  335.48
134.0      49.65  335.42
135.0      48.86  334.35
136.0      47.78  332.89
137.0      46.68  331.50
138.0      45.57  330.16
139.0      44.44  328.88
140.0      43.86  327.11
141.0      43.50  325.14
142.0      43.10  323.20
143.0      44.00  325.32
144.0      44.85  327.50
145.0      45.66  329.75
146.0      46.43  332.06
147.0      47.15  334.44
148.0      47.81  336.88
149.0      48.43  339.38
150.0      48.99  341.94
151.0      49.49  344.55
152.0      49.93  347.22
153.0      50.31  349.93
154.0      50.48  352.37
155.0      49.32  352.03
156.0      48.45  351.31
157.0      48.28  349.67
158.0      48.09  348.05
159.0      47.87  346.61
160.0      47.53  346.69
161.0      47.19  346.77
162.0      46.84  346.85
163.0      46.50  346.93
164.0      46.16  347.00
165.0      45.82  347.08
166.0      45.48  347.15
167.0      45.14  347.23
168.0      44.80  347.30
169.0      45.48  349.99
170.0      46.09  352.74
171.0      46.20  354.95
172.0      46.16  357.01
173.0      46.09  359.07
174.0      45.98    1.12
175.0      45.83    3.16
176.0      45.65    5.19
177.0      45.27    6.85
178.0      44.51    7.68
179.0      44.31    8.58
180.0      44.50    9.55
181.0      44.67   10.52
182.0      44.84   11.51
183.0      45.02   11.29
184.0      45.22   10.27
185.0      45.42    9.24
186.0      45.60    8.20
187.0      45.77    7.16
188.0      45.93    6.11
189.0      46.09    5.05
190.0      46.23    3.99
191.0      46.36    2.92
192.0      46.52    2.20
193.0      46.68    1.62
194.0      46.84    1.03
195.0      47.67    1.40
196.0      48.95    2.45
197.0      50.22    3.54
198.0      51.48    4.70
