50 163 251
51 161 255
46 147 255
47 151 261
49 163 261
51 144 264
47 156 264
51.5 142 264
49 154 264
53 151 264
51 165 275
54 172 279
47.8 137.7 279
41 172 279
47 157 280
42 166 280
37 161 280
38 166 281
44.6 157.4 281
47 157 281
41 165 285
38 166 285
42 169 285
40 166 285
43 172 285
44 170 285
37 160 285
42 174 285
49 162 285
40 172 285
44 -176 285
43 165 285
48 163 286
50 150 286
42 173 286
49 176 286
41.5 160 287
46 167 291
41 169 291
32 174 291
42 166 293
38 168 294
42 168 294
47 168 294
37 174 294
44 159 294
35.4 166.8 294
47.1 157.1 294
32.9 167.1 294
37.1 170 295
43 174 296
41 162 297
39 161 297
42.5 159.6 297
31 174 299
