0	18	3.0	-87.8	326.0	-89.2	297.9	-87.6	322.4	-87.6	313.6
10	30	2.5	-87.6	323.9	-88.8	86.3	-87.2	318.4	-87.2	305.0
20	23	3.0	-85.3	345.5	-85.3	49.3	-84.6	331.2	-85.0	317.4
30	18	2.8	-82.1	5.8	-83.2	26.4	-81.6	343.6	-82.7	332.5
40	19	2.8	-80.8	17.5	-81.6	38.4	-80.9	345.2	-82.3	330.5
50	27	2.6	-76.8	21.6	-78.8	41.1	-77.1	349.8	-79.1	334.2
60	30	2.4	-74.3	33.5	-74.2	46.3	-75.1	4.1	-79.0	346.8
70	20	2.7	-72.5	47.2	-69.5	51.8	-74.3	17.1	-80.3	1.8
80	23	2.6	-70.8	48.1	-69.4	49.2	-75.4	5.7	-79.6	350.0
90	27	2.6	-69.5	54.7	-68.4	55.1	-76.4	5.8	-80.3	349.1
100	11	4.1	-67.7	60.8	-67.2	61.9	-77.3	6.2	-81.0	346.2
110	16	3.6	-57.9	79.2	-57.1	81.2	-75.0	19.4	-80.7	11.4
120	24	2.6	-53.8	81.3	-53.4	82.2	-72.6	18.6	-78.4	16.5
130	18	2.9	-50.6	80.0	-50.6	81.0	-70.0	12.7	-75.2	13.6
140	10	6.1	-49.2	73.1	-49.0	74.9	-67.4	355.1	-70.4	356.7
150	16	5.9	-55.2	65.0	-56.8	68.3	-68.7	327.2	-67.7	328.2
160	14	6.0	-59.3	67.0	-61.6	69.4	-70.9	315.6	-68.2	316.2
170	23	3.8	-61.2	77.6	-60.5	75.3	-73.9	306.8	-69.9	306.1
180	26	3.6	-64.1	77.4	-63.5	76.0	-74.2	294.2	-68.8	296.7
190	31	3.5	-71.8	68.8	-71.8	71.0	-70.9	265.5	-63.4	278.4
200	35	3.2	-70.8	54.4	-71.5	58.8	-65.9	266.8	-59.2	282.3
210	32	2.7	-66.9	43.6	-67.8	47.5	-60.8	271.6	-55.7	290.7
220	29	2.0	-62.8	37.2	-64.6	40.9	-56.1	275.1	-53.6	300.5
230	28	2.6	-58.6	40.0	-61.0	43.8	-54.7	282.4	-54.3	313.2
240	35	3.6	-53.5	47.4	-55.2	49.9	-54.6	293.7	-55.6	330.5
250	38	4.4	-49.6	55.4	-48.8	54.2	-55.5	304.5	-56.7	343.4
260	26	5.4	-48.1	54.8	-47.1	52.8	-54.2	305.9	-55.3	344.8
270	28	4.1	-43.2	50.3	-44.4	49.0	-48.4	307.4	-49.6	346.1
280	57	2.4	-38.4	48.6	-39.0	48.0	-43.8	310.2	-44.9	348.9
290	70	1.8	-37.2	45.8	-37.8	45.8	-41.6	308.7	-42.7	347.3
300	39	2.3	-34.6	46.9	-34.9	46.1	-40.0	311.7	-41.1	350.3
310	20	4.9	-30.5	49.9	-29.4	46.0	-38.0	317.3	-39.0	355.9
320	10	8.6	-28.5	42.5	-25.9	38.7	-32.8	311.7	-34.7	1.1

