  .00244495273
 -.00122252107
 -.0018337667
 -.00489002466
 -.00122252107
 -.000305652618
 -.000305652618
  .00305619836
 -.000305652618
 -.000305652618
  .00336182117
  .00336182117
 -.0036675036
  .000916808844
  .000916838646
  .00224235654
  .00224238634
 -.000625789165
  .00224235654
  .00224238634
 -.00271174312
  .00667497516
 -.00323322415
  .00146013498
 -.00792661309
 -.0102732778
 -.00192955136
  .00511053205
  .00641423464
 -.00192955136
 -.000296920538
 -.00326603651
 -.00178149343
 -.000296920538
  .00267219543
  .00415679812
  .00514650345
  .000197917223
 -.00376084447
 -.00475054979
 -.00178149343
  .00118762255
 -.00277116895
  .00415676832
  .00118762255
 -.000262618065
  .00148805976
  .000175029039
  .00323879719
  .00148805976
 -.00376397371
 -.00201326609
  .00105044246
 -.000262588263
 -.00201326609
  .000175088644
 -.00332632661
  .00717788935
 -.00332632661
  .000175088644
  .00991693139
  .00991693139
 -.0119926333
 -.00853326917
 -.00853323936
 -.00738012791
 -.00276759267
  .0133763552
 -.00738012791
 -.0119926631
  .00991693139
  .00069180131
  .00415122509
  .000691831112
  .00991693139
  .000449359417
  .00194725394
 -.00404435396
  .00344514847
  .00194725394
  .000823825598
 -.00816357136
  .00644093752
 -.0111593902
 -.00217199326
  7.48932362E-05
  7.48932362E-05
  .0101857185
  7.48932362E-05
  7.48932362E-05
