 1 0 -35862.2109  0.
 1 1 -2821.27393  1514.84229
 2 0  663.71936  0.
 2 1  2117.23828  2424.75073
 2 2 -2023.94995 -3206.05908
 3 0  1369.33862  0.
 3 1 -827.602844 -828.124878
 3 2  830.614929 -275.410278
 3 3 -105.379967 -450.519043
 4 0  389.484375  0.
 4 1  287.232178 -14.2455063
 4 2  321.702911 -727.393921
 4 3  221.467133 -185.012436
 4 4  236.093048  90.9101105
 5 0  25.6299458  0.
 5 1  123.858131 -11.8803711
 5 2  111.367531 -20.6435623
 5 3 -224.804306 -31.1696339
 5 4  86.3083572 -62.4669113
 5 5  330.225647  135.475861
 6 0  43.0034523  0.
 6 1 -11.2085142 -13.6741295
 6 2  72.0434647  4.11169529
 6 3 -0.32496056 -15.7976017
 6 4 -89.7276535 -15.5398455
 6 5  57.2773552  0.0180565417
 6 6  42.9038086  91.0405502
 7 0  14.6025305  0.
 7 1  0.181076288 -0.446636707
 7 2  7.02411652 -6.50426102
 7 3  11.8118486 -8.42830658
 7 4 -1.71537232 -12.2678165
 7 5 -18.2312336  27.8196602
 7 6  21.0304451  1.35182416
 7 7 -30.7276688 -8.97852612
 8 0  0.887939453  0.
 8 1  0.72707212  1.06172824
 8 2 -1.41058326 -2.07185125
 8 3  3.3749404 -1.30275798
 8 4 -0.198412269 -4.51929951
 8 5 -2.8502562  2.17403889
 8 6 -7.29422617  7.70580292
 8 7  2.55637622 -1.62847543
 8 8 -1.20498836 -18.4121361
 9 0  0.110580891  0.
 9 1  0.0599204898  0.479957283
 9 2 -0.399451405 -0.116942108
 9 3  0.460347623 -0.665850163
 9 4  0.0391582251  0.0710677132
 9 5  0.345163047 -1.61492264
 9 6 -2.66762209  0.79267329
 9 7  1.23431385  1.57204747
 9 8 -1.35353172 -1.16877854
 9 9  2.34632063 -2.39934111
 10 0  0.0549552105  0.
 10 1  0.115662545 -0.0024768149
 10 2  0.0122143198  0.123056442
 10 3 -0.128821015 -0.171613932
 10 4  0.202997014  0.160878062
 10 5 -0.249666721 -0.210731238
 10 6  0.175572529 -0.103221394
 10 7 -0.265930474 -0.116225034
 10 8  0.379493088  0.90461868
 10 9 -0.578097105 -0.934607744
 10 10  0.00351913041  0.429703057
 11 0  0.0418360755  0.
 11 1  0.00980112143  0.0292974748
 11 2  0.0715496242  0.037435092
 11 3 -0.0189111382  0.0467112549
 11 4  0.00209322851 -0.0119490977
 11 5 -0.0705012381  0.0681035072
 11 6 -0.0564682111 -0.0801729634
 11 7  0.0404562987  0.019219948
 11 8 -0.0295598675  0.0202840343
 11 9 -0.0193609353  0.145639777
 11 10  0.0799722448 -0.204492882
 11 11 -0.181981236  0.0786733404
 12 0  0.0172853116  0.
 12 1  0.00566645386  0.0244229622
 12 2 -0.000290366064  0.00297562731
 12 3  0.017177999  0.0293954313
 12 4 -0.014820694 -0.00584290223
 12 5  0.00152197445 -3.26049339E-05
 12 6 -0.0309432745  0.00440711575
 12 7  0.000575741753  0.00601691427
 12 8 -0.0041253455  0.0295160189
 12 9 -0.00176917401 -0.0132662449
 12 10 -0.00500577455  0.0219501331
 12 11 -0.0038741976  0.0132688135
 12 12 -0.0288098827  0.00985547155
 13 0 -0.00134847302  0.
 13 1  0.00529767806  0.00500525115
 13 2 -0.00554856006  0.00218715519
 13 3  0.00476072636  0.00203473354
 13 4  0.00122371467  0.00613989681
 13 5 -0.00139795197 -0.00374855939
 13 6  0.00321376417  0.00170010247
 13 7 -0.0118001541 -0.00181615155
 13 8 -0.00108882133  0.00198739301
 13 9 -0.0068878266  0.00644893991
 13 10 -0.00279460568 -0.00260341214
 13 11 -0.000573192956  0.0116398232
 13 12 -0.00250497111  0.00509927887
 13 13 -0.00612351112  0.0140660126
 14 0 -0.000549360469  0.
 14 1  0.000528206117  0.000299490814
 14 2  8.83963439E-05  0.00119541481
 14 3 -0.000367975212 -0.000284474925
 14 4  0.00136914919  0.00116647931
 14 5  0.000368315086  0.00109599554
 14 6  9.12068572E-05 -0.000920500665
 14 7  0.00014585063  0.00202765618
 14 8 -0.00145255914 -0.0019871078
 14 9  0.00127676118 -0.000132672532
 14 10 -0.00275841216 -0.000501106377
 14 11 -0.000371116534 -0.000466244965
 14 12 -0.00122553227  0.00184916542
 14 13 -0.000391826703 -5.23357667E-05
 14 14 -0.0040515014 -0.000691440655
