 1 0 -29770.1523  0.
 1 1 -1855.92651  5404.17334
 2 0 -2144.01392  0.
 2 1  3053.73462 -2280.29175
 2 2  1689.42261 -377.74826
 3 0  1313.58728  0.
 3 1 -2235.00171 -281.549347
 3 2  1245.46533  298.419067
 3 3  801.320801 -351.38797
 4 0  941.662476  0.
 4 1  781.551636  243.690979
 4 2  325.014587 -243.544495
 4 3 -420.140564  82.9992218
 4 4  139.263992 -302.279755
 5 0 -215.424103  0.
 5 1  348.183929  48.5530434
 5 2  245.479706  158.011093
 5 3 -111.717178 -151.981705
 5 4 -166.468216 -67.5451508
 5 5 -40.2792778  98.8872299
 6 0  62.5321274  0.
 6 1  65.7393799 -11.8995829
 6 2  60.8205948  80.3758698
 6 3 -175.09494  69.2872314
 6 4  4.03299236 -50.016674
 6 5  19.7177162  3.19894028
 6 6 -95.0079269  24.0427856
 7 0  74.8168335  0.
 7 1 -66.265007 -85.7622147
 7 2  4.29443932 -26.3245888
 7 3  24.2785072  1.73612857
 7 4 -1.7791748  20.8715343
 7 5  5.86626959  15.4948339
 7 6  9.50057316 -22.4752789
 7 7 -1.46755528 -3.16428423
 8 0  22.9065971  0.
 8 1  5.92468643  10.815999
 8 2 -0.244930431 -18.5410728
 8 3 -10.3079214  4.4774065
 8 4 -11.1798649 -22.1164093
 8 5  5.87955284  12.0871468
 8 6  4.35497618  12.3266449
 8 7  2.04914117 -15.2316685
 8 8 -6.76076031 -12.4081745
 9 0  4.69518375  0.
 9 1  10.2700891 -21.4496956
 9 2  1.37810922  14.8435059
 9 3 -13.0457821  10.9307375
 9 4  10.4325008 -5.70499182
 9 5 -6.64392328 -7.50290442
 9 6 -1.79324925  9.01658249
 9 7  9.60659981  8.2942276
 9 8  2.88042116 -7.16106606
 9 9 -5.34185648  1.30102706
 10 0 -2.08418179  0.
 10 1 -4.84692478  1.98507309
 10 2  2.06792521  1.57699192
 10 3 -4.15570402  2.98319912
 10 4 -2.24148202  5.94128132
 10 5  4.77203751 -4.31125212
 10 6  2.72475123 -1.28557992
 10 7  0.658008218 -1.79484439
 10 8  1.53158236  3.99679685
 10 9  2.29834986 -0.0163203478
 10 10 -1.01382351 -7.0968256
 11 0  2.4881072  0.
 11 1 -1.95074809  0.178805277
 11 2 -1.50769711  1.91664314
 11 3  2.22956514 -1.88510299
 11 4 -0.036851801 -2.70099616
 11 5  0.263199806  0.956207752
 11 6 -1.03241265 -1.20391655
 11 7  0.798996687 -1.88541853
 11 8  1.93409765 -0.807158232
 11 9 -0.939712822 -2.21118712
 11 10  0.983569264 -2.57351351
 11 11  3.91661358  0.16789645
 12 0 -0.904396594  0.
 12 1 -0.218322724  0.0947732329
 12 2 -0.530027866  0.686788499
 12 3  0.229024276  1.7795825
 12 4  0.509513438 -1.05203331
 12 5 -0.018912686 -0.038149219
 12 6 -0.45174399  0.16023238
 12 7 -0.936849535 -0.438769192
 12 8 -0.0630614534 -0.0680331141
 12 9  0.295200408  0.48035112
 12 10  0.584624648 -1.16931939
 12 11 -0.03486434  0.150005132
 12 12  0.0392102823  0.773910403
 13 0  0.185263723  0.
 13 1 -0.176453441 -0.196455777
 13 2  0.087968722  0.144519523
 13 3 -0.23148647  0.326647282
 13 4 -0.115316287  0.119393677
 13 5  0.210496992 -0.147204012
 13 6 -0.210555613 -0.22345601
 13 7 -0.0135720083  0.00295800134
 13 8 -0.140567422  0.0219867751
 13 9  0.0743947849  0.299708903
 13 10 -0.0637125373  0.235413417
 13 11  0.350726843  0.497656226
 13 12  0.030637905 -0.140522555
 13 13  0.0518404469 -0.0796724185
 14 0  0.0351640508  0.
 14 1  0.00173567154  0.0731403232
 14 2 -0.040303126 -0.116108827
 14 3 -0.0603462011 -0.042470023
 14 4 -0.0677396506  0.0491538271
 14 5  0.11427404 -0.051649265
 14 6 -0.0321819521  0.0639222786
 14 7  0.0281037074  0.00777667016
 14 8  0.00269544637  0.0648719743
 14 9  0.0134832133  0.0337456353
 14 10  0.0139955375  0.0117564369
 14 11 -0.0300075002  0.00623023603
 14 12 -0.0942794383  0.0424439013
 14 13  0.0120496657  0.100023448
 14 14  0.00279724016  0.0508410707
