1 0 -29682.0 0
1 1 -1789.0 5318.0
2 0 -2197.0 0.0
2 1 3074.0 -2356.0
2 2 1685.0 -425.0
3 0 1329.0 0.0
3 1 -2268.0 -263.0
3 2 1249.0 302.0
3 3 769.0 -406.0
4 0 941.0 0.0
4 1 782.0 262.0
4 2 291.0 -232.0
4 3 -421.0 98.0
4 4 116.0 -301.0
5 0 -210.0 0.0
5 1 352.0 44.0
5 2 237.0 157.0
5 3 -122.0 -152.0
5 4 -167.0 -64.0
5 5 -26.0 99.0
6 0 66.0 0.0
6 1 64.0 -16.0
6 2 65.0 77.0
6 3 -172.0 67.0
6 4 2.0 -57.0
6 5 17.0 4.0
6 6 -94.0 28.0
7 0 78.0 0.0
7 1 -67.0 -77.0
7 2 1.0 -25.0
7 3 29.0 3.0
7 4 4.0 22.0
7 5 8.0 16.0
7 6 10.0 -23.0
7 7 -2.0 -3.0
8 0 24.0 0.0
8 1 4.0 12.0
8 2 -1.0 -20.0
8 3 -9.0 7.0
8 4 -14.0 -21.0
8 5 4.0 12.0
8 6 5.0 10.0
8 7 0.0 -17.0
8 8 -7.0 -10.0
9 0 4.0 0.0
9 1 9.0 -19.0
9 2 1.0 15.0
9 3 -12.0 11.0
9 4 9.0 -7.0
9 5 -4.0 -7.0
9 6 -2.0 9.0
9 7 7.0 7.0
9 8 0.0 -8.0
9 9 -6.0 1.0
