   1840.00     10.10  27792.47   6217.59  45798.08  28479.47  53930.92
   1841.00     10.10  27801.34   6239.26  45800.16  28492.85  53939.76
   1842.00     10.10  27809.89   6255.29  45805.51  28504.71  53950.57
   1843.00     10.11  27817.48   6267.46  45815.11  28514.79  53964.04
   1844.00     10.11  27823.42   6277.48  45828.60  28522.79  53979.71
   1845.00     10.11  27827.11   6286.96  45844.45  28528.48  53996.19
   1846.00     10.11  27828.30   6297.32  45861.02  28531.92  54012.07
   1847.00     10.12  27828.14   6309.07  45877.72  28534.36  54027.54
   1848.00     10.12  27828.06   6322.51  45894.04  28537.26  54042.93
   1849.00     10.12  27829.01   6337.90  45908.81  28541.60  54057.77
   1850.00     10.13  27831.23   6355.49  45920.12  28547.67  54070.57
   1851.00     10.13  27834.78   6375.45  45926.96  28555.59  54080.56
   1852.00     10.13  27838.71   6397.70  45931.51  28564.39  54089.07
   1853.00     10.13  27841.76   6422.10  45936.96  28572.83  54098.16
   1854.00     10.13  27842.92   6448.42  45944.75  28579.90  54108.50
   1855.00     10.13  27841.13   6476.31  45954.96  28584.45  54119.59
   1856.00     10.14  27835.56   6505.37  45966.92  28585.63  54130.36
   1857.00     10.14  27826.02   6535.05  45978.04  28583.11  54138.47
   1858.00     10.14  27812.48   6564.75  45985.24  28576.74  54141.23
   1859.00     10.14  27795.49   6593.38  45986.93  28566.80  54137.41
   1860.00     10.14  27776.00   6619.43  45983.12  28553.87  54127.35
   1861.00     10.13  27754.89   6641.90  45973.97  28538.54  54111.50
   1862.00     10.13  27732.43   6661.85  45960.39  28521.36  54090.90
   1863.00     10.12  27708.83   6680.85  45943.30  28502.86  54066.62
   1864.00     10.12  27684.43   6700.11  45923.50  28483.67  54039.68
   1865.00     10.11  27659.75   6720.47  45902.00  28464.48  54011.30
   1866.00     10.11  27635.16   6742.35  45879.34  28445.76  53982.17
   1867.00     10.10  27610.08   6764.53  45854.66  28426.67  53951.14
   1868.00     10.10  27583.71   6785.39  45827.14  28406.03  53916.88
   1869.00     10.09  27555.83   6803.94  45797.96  28383.40  53880.15
   1870.00     10.08  27526.69   6819.79  45770.70  28358.92  53844.08
   1871.00     10.08  27496.66   6832.65  45747.82  28332.87  53810.92
   1872.00     10.07  27466.51   6842.63  45727.32  28306.02  53779.36
   1873.00     10.06  27437.05   6849.88  45706.17  28279.19  53747.24
   1874.00     10.06  27407.75   6853.63  45683.95  28251.67  53713.88
   1875.00     10.05  27376.75   6852.22  45662.99  28221.26  53680.05
   1876.00     10.05  27342.72   6844.45  45645.12  28186.36  53646.51
   1877.00     10.04  27306.54   6831.25  45630.21  28148.05  53613.71
   1878.00     10.03  27269.56   6814.09  45617.65  28108.02  53582.00
   1879.00     10.03  27232.82   6794.59  45605.62  28067.65  53550.59
   1880.00     10.02  27196.86   6774.51  45591.30  28027.90  53517.57
   1881.00     10.02  27162.31   6755.34  45572.55  27989.75  53481.61
   1882.00     10.01  27130.06   6737.48  45550.44  27954.13  53444.14
   1883.00     10.00  27100.94   6721.05  45526.68  27921.92  53407.04
   1884.00      9.99  27075.27   6706.20  45501.51  27893.43  53370.69
   1885.00      9.99  27052.63   6693.04  45473.80  27868.29  53333.93
   1886.00      9.98  27032.48   6681.63  45443.17  27845.99  53296.16
   1887.00      9.97  27013.56   6671.51  45412.54  27825.20  53259.18
   1888.00      9.97  26994.61   6662.13  45385.70  27804.55  53225.51
   1889.00      9.96  26974.77   6653.55  45363.42  27783.23  53195.38
   1890.00      9.96  26953.77   6646.36  45343.64  27761.12  53166.96
   1891.00      9.95  26931.50   6641.13  45324.77  27738.24  53138.92
   1892.00      9.95  26908.41   6638.14  45308.00  27715.11  53112.54
   1893.00      9.94  26885.17   6637.64  45295.00  27692.43  53089.62
   1894.00      9.94  26861.94   6639.99  45285.07  27670.44  53069.68
   1895.00      9.93  26838.37   6645.72  45275.19  27648.93  53050.04
   1896.00      9.93  26814.28   6655.17  45262.50  27627.83  53028.21
   1897.00      9.93  26790.08   6668.02  45245.88  27607.45  53003.40
   1898.00      9.92  26766.31   6683.76  45224.59  27588.18  52975.20
   1899.00      9.91  26743.35   6702.15  45197.86  27570.37  52943.10
   1900.00      9.91  26721.31   6723.18  45164.98  27554.12  52906.57
   1901.00      9.90  26700.00   6746.73  45125.96  27539.21  52865.49
   1902.00      9.89  26677.75   6772.08  45083.48  27523.87  52821.24
   1903.00      9.88  26652.59   6798.44  45040.96  27505.98  52775.63
   1904.00      9.87  26624.53   6825.76  45000.72  27485.57  52730.65
   1905.00      9.87  26595.60   6854.74  44964.04  27464.76  52688.50
   1906.00      9.86  26567.04   6885.74  44931.45  27444.88  52650.32
   1907.00      9.85  26537.09   6917.48  44900.21  27423.87  52612.71
   1908.00      9.84  26503.24   6948.30  44867.12  27398.91  52571.46
   1909.00      9.84  26465.73   6977.52  44831.10  27370.07  52525.69
   1910.00      9.83  26427.56   7005.36  44793.11  27340.28  52477.74
   1911.00      9.82  26390.45   7031.75  44753.64  27311.20  52428.90
   1912.00      9.81  26350.90   7055.06  44710.66  27278.99  52375.44
   1913.00      9.80  26304.22   7073.36  44661.56  27238.65  52312.51
   1914.00      9.78  26250.49   7086.07  44606.49  27190.09  52240.21
   1915.00      9.77  26194.72   7093.96  44548.52  27138.30  52163.77
   1916.00      9.75  26141.39   7097.85  44490.38  27087.85  52087.87
   1917.00      9.74  26093.07   7098.64  44433.45  27041.43  52015.10
   1918.00      9.73  26051.54   7097.19  44378.60  27000.97  51947.21
   1919.00      9.72  26016.42   7093.73  44327.17  26966.18  51885.19
   1920.00      9.71  25985.06   7087.86  44280.71  26934.39  51828.97
   1921.00      9.70  25954.93   7079.29  44239.85  26903.06  51777.79
   1922.00      9.69  25924.68   7068.26  44201.27  26870.98  51728.16
   1923.00      9.68  25893.09   7055.13  44160.69  26837.05  51675.85
   1924.00      9.67  25859.64   7039.94  44116.36  26800.78  51619.14
   1925.00      9.66  25824.36   7022.40  44069.01  26762.13  51558.60
   1926.00      9.64  25787.43   7002.90  44019.51  26721.38  51495.14
   1927.00      9.63  25749.23   6984.58  43969.04  26679.71  51430.37
   1928.00      9.62  25710.22   6971.18  43918.94  26638.55  51366.19
   1929.00      9.61  25671.04   6963.92  43870.66  26598.84  51304.32
   1930.00      9.60  25632.45   6961.53  43825.99  26560.97  51246.49
   1931.00      9.59  25595.22   6962.42  43785.93  26525.29  51193.73
   1932.00      9.58  25560.29   6964.22  43748.85  26492.05  51144.80
   1933.00      9.57  25528.51   6964.39  43712.59  26461.43  51097.93
   1934.00      9.56  25499.57   6961.38  43675.86  26432.73  51051.64
   1935.00      9.55  25471.86   6954.59  43638.48  26404.20  51004.89
   1936.00      9.54  25444.16   6943.92  43600.61  26374.67  50957.20
   1937.00      9.53  25417.15   6930.94  43563.85  26345.20  50910.49
   1938.00      9.53  25391.89   6917.67  43529.94  26317.34  50867.06
   1939.00      9.52  25369.25   6905.00  43499.44  26292.16  50827.93
   1940.00      9.51  25349.79   6892.73  43471.66  26270.17  50792.78
   1941.00      9.51  25333.82   6880.54  43445.56  26251.56  50760.82
   1942.00      9.50  25320.95   6867.86  43419.52  26235.81  50730.39
   1943.00      9.49  25310.50   6853.99  43391.45  26222.10  50699.28
   1944.00      9.49  25301.78   6838.04  43359.96  26209.52  50665.82
   1945.00      9.48  25294.06   6818.81  43324.09  26197.05  50628.68
   1946.00      9.47  25286.67   6795.60  43283.64  26183.88  50587.25
   1947.00      9.47  25278.90   6769.68  43241.86  26169.66  50544.14
   1948.00      9.46  25270.13   6742.79  43202.63  26154.25  50502.59
   1949.00      9.45  25260.78   6716.51  43166.37  26138.45  50463.39
   1950.00      9.44  25252.45   6692.27  43130.16  26124.17  50425.02
   1951.00      9.44  25246.26   6671.23  43091.86  26112.81  50386.38
   1952.00      9.43  25241.68   6653.57  43053.25  26103.87  50348.73
   1953.00      9.42  25237.71   6639.15  43017.00  26096.36  50313.84
   1954.00      9.42  25233.64   6627.12  42983.38  26089.37  50281.47
   1955.00      9.41  25229.05   6615.85  42950.11  26082.07  50249.24
   1956.00      9.40  25223.63   6604.17  42915.32  26073.87  50215.25
   1957.00      9.40  25217.87   6592.78  42879.16  26065.41  50179.96
   1958.00      9.39  25212.29   6582.83  42842.27  26057.50  50144.33
   1959.00      9.38  25207.12   6574.23  42804.37  26050.32  50108.22
   1960.00      9.38  25202.02   6565.73  42764.46  26043.24  50070.45
   1961.00      9.37  25196.63   6556.15  42722.08  26035.62  50030.29
   1962.00      9.36  25190.56   6544.91  42679.50  26026.91  49989.40
   1963.00      9.35  25183.24   6531.62  42639.51  26016.48  49949.83
   1964.00      9.35  25174.86   6516.92  42602.47  26004.69  49912.07
   1965.00      9.34  25166.20   6502.58  42566.24  25992.71  49874.90
   1966.00      9.33  25158.07   6489.69  42529.15  25981.62  49837.47
   1967.00      9.33  25151.55   6476.75  42492.48  25972.08  49801.20
   1968.00      9.32  25147.69   6461.63  42458.01  25964.57  49767.88
   1969.00      9.31  25146.06   6443.84  42425.69  25958.57  49737.18
   1970.00      9.31  25144.79   6424.50  42393.80  25952.54  49706.83
   1971.00      9.30  25142.14   6404.36  42360.85  25945.00  49674.79
   1972.00      9.30  25137.47   6382.40  42326.77  25935.06  49640.54
   1973.00      9.29  25130.33   6357.19  42291.91  25921.95  49603.96
   1974.00      9.28  25120.29   6328.29  42255.90  25905.14  49564.48
   1975.00      9.27  25106.82   6296.28  42217.79  25884.27  49521.08
   1976.00      9.26  25089.71   6261.90  42177.01  25859.33  49473.27
   1977.00      9.25  25069.81   6226.34  42134.14  25831.43  49422.14
   1978.00      9.25  25048.38   6190.94  42090.22  25802.11  49369.38
   1979.00      9.24  25027.03   6157.08  42045.18  25773.27  49315.90
   1980.00      9.22  25007.85   6126.23  41997.88  25747.30  49262.01
   1981.00      9.21  24992.26   6099.56  41947.36  25725.82  49207.71
   1982.00      9.20  24979.03   6077.12  41894.17  25707.65  49152.87
   1983.00      9.19  24966.28   6058.65  41839.12  25690.90  49097.20
   1984.00      9.18  24952.52   6043.13  41782.64  25673.87  49040.15
   1985.00      9.17  24936.76   6028.81  41724.84  25655.19  48981.13
   1986.00      9.16  24918.44   6014.19  41666.04  25633.95  48919.91
   1987.00      9.15  24898.54   5998.85  41607.11  25611.00  48857.70
   1988.00      9.14  24878.45   5982.63  41549.09  25587.67  48796.06
   1989.00      9.13  24859.26   5966.27  41491.80  25565.20  48735.49
   1990.00      9.12  24841.73   5951.34  41433.74  25544.67  48675.30
   1991.00      9.10  24826.63   5939.41  41373.54  25527.21  48614.90
   1992.00      9.09  24814.72   5932.10  41309.62  25513.92  48553.52
   1993.00      9.08  24806.77   5930.98  41240.60  25505.93  48490.61
   1994.00      9.07  24803.54   5937.69  41164.98  25504.34  48425.47
   1995.00      9.06  24805.78   5953.79  41081.20  25510.28  48357.41
   1996.00      9.04  24814.33   5980.89  40987.92  25524.93  48285.93
   1997.00      9.03  24829.82   6020.61  40883.62  25549.32  48210.35
   1998.00      9.01  24853.15   6074.50  40766.76  25584.74  48130.11
   1999.00      9.00  24884.97   6144.17  40635.88  25632.26  48044.64
   2000.00      8.98  24926.13   6231.27  40489.65  25693.20  47953.65
