l_maximum                          =  8
neighbor_radius                    = 6.0
alpha                              = 300.0
tau_step                           = 1.0
tau_step_tol                       = 0.00001
torque_over_uo_m2_s3_tol           = 0.0001
length_of_real_work_space          = 1000000
=====================================
bo_over_uo_m_theta                 = 55.0
bo_over_uo_m_phi                   =  45.0
bo_over_uo_m_max                   = 1.0
bo_over_uo_m_step (sizes)          = {
.5
.1
.1
.1
.1
.1
.01
.01
.01
.01
.01
.1
.1
.1
.1
.1
.5
                                     }
=====================================
two_k_over_uo_m2                   = 0.0
k_unit_vector (orientation angles) = 
  0.0 0.0 
  0.0 0.0 
  0.0 0.0 
  0.0 0.0 
  0.0 0.0 
  0.0 0.0 
  0.0 0.0 
  0.0 0.0 
  0.0 0.0 
  0.0 0.0 
  0.0 0.0 
  0.0 0.0 
  0.0 0.0 
  0.0 0.0 
  0.0 0.0 
  0.0 0.0 
  0.0 0.0 
  0.0 0.0 
  0.0 0.0 
  0.0 0.0 
  0.0 0.0 
  0.0 0.0 
  0.0 0.0 
  0.0 0.0 
  0.0 0.0 
  0.0 0.0 
  0.0 0.0 
  0.0 0.0 
  0.0 0.0 
  0.0 0.0 
  0.0 0.0 
  0.0 0.0 
  0.0 0.0 
  0.0 0.0 
  0.0 0.0 
  0.0 0.0 
  0.0 0.0 
  0.0 0.0 
  0.0 0.0 
  0.0 0.0 
  0.0 0.0 
  0.0 0.0 
  0.0 0.0 
  0.0 0.0 
  0.0 0.0 
  0.0 0.0 
  0.0 0.0 
  0.0 0.0 
  0.0 0.0 
  0.0 0.0 
  0.0 0.0 
  0.0 0.0 
  0.0 0.0 
  0.0 0.0 
  0.0 0.0 
  0.0 0.0 
  0.0 0.0 
  0.0 0.0 
  0.0 0.0 
  0.0 0.0 
  0.0 0.0 
  0.0 0.0 
  0.0 0.0 
  0.0 0.0 
                                     }
two_k1_over_uo_m2                  = -0.1
two_k2_over_uo_m2                  = 0.0
cubiceulerangles                   = {
  0.0 0.0 0.0
  0.0 0.0 0.0
  0.0 0.0 0.0
  0.0 0.0 0.0
  0.0 0.0 0.0
  0.0 0.0 0.0
  0.0 0.0 0.0
  0.0 0.0 0.0
  0.0 0.0 0.0
  0.0 0.0 0.0
  0.0 0.0 0.0
  0.0 0.0 0.0
  0.0 0.0 0.0
  0.0 0.0 0.0
  0.0 0.0 0.0
  0.0 0.0 0.0
  0.0 0.0 0.0
  0.0 0.0 0.0
  0.0 0.0 0.0
  0.0 0.0 0.0
  0.0 0.0 0.0
  0.0 0.0 0.0
  0.0 0.0 0.0
  0.0 0.0 0.0
  0.0 0.0 0.0
  0.0 0.0 0.0
  0.0 0.0 0.0
  0.0 0.0 0.0
  0.0 0.0 0.0
  0.0 0.0 0.0
  0.0 0.0 0.0
  0.0 0.0 0.0
  0.0 0.0 0.0
  0.0 0.0 0.0
  0.0 0.0 0.0
  0.0 0.0 0.0
  0.0 0.0 0.0
  0.0 0.0 0.0
  0.0 0.0 0.0
  0.0 0.0 0.0
  0.0 0.0 0.0
  0.0 0.0 0.0
  0.0 0.0 0.0
  0.0 0.0 0.0
  0.0 0.0 0.0
  0.0 0.0 0.0
  0.0 0.0 0.0
  0.0 0.0 0.0
  0.0 0.0 0.0
  0.0 0.0 0.0
  0.0 0.0 0.0
  0.0 0.0 0.0
  0.0 0.0 0.0
  0.0 0.0 0.0
  0.0 0.0 0.0
  0.0 0.0 0.0
  0.0 0.0 0.0
  0.0 0.0 0.0
  0.0 0.0 0.0
  0.0 0.0 0.0
  0.0 0.0 0.0
  0.0 0.0 0.0
  0.0 0.0 0.0
  0.0 0.0 0.0
                                     }
=====================================
two_a_over_uo_m2_s2                =  1.000
=====================================
r_over_s                           = {
    0.    0.    1.  
    1.    0.    1.  
    2.    0.    1.  
    3.    0.    1.  
    0.    1.    1.  
    1.    1.    1.  
    2.    1.    1.  
    3.    1.    1.  
    0.    2.    1.  
    1.    2.    1.  
    2.    2.    1.  
    3.    2.    1.  
    0.    3.    1.  
    1.    3.    1.  
    2.    3.    1.  
    3.    3.    1.  
    0.    0.    2.  
    1.    0.    2.  
    2.    0.    2.  
    3.    0.    2.  
    0.    1.    2.  
    1.    1.    2.  
    2.    1.    2.  
    3.    1.    2.  
    0.    2.    2.  
    1.    2.    2.  
    2.    2.    2.  
    3.    2.    2.  
    0.    3.    2.  
    1.    3.    2.  
    2.    3.    2.  
    3.    3.    2.  
    0.    0.    3.  
    1.    0.    3.  
    2.    0.    3.  
    3.    0.    3.  
    0.    1.    3.  
    1.    1.    3.  
    2.    1.    3.  
    3.    1.    3.  
    0.    2.    3.  
    1.    2.    3.  
    2.    2.    3.  
    3.    2.    3.  
    0.    3.    3.  
    1.    3.    3.  
    2.    3.    3.  
    3.    3.    3.  
    0.    0.    4.  
    1.    0.    4.  
    2.    0.    4.  
    3.    0.    4.  
    0.    1.    4.  
    1.    1.    4.  
    2.    1.    4.  
    3.    1.    4.  
    0.    2.    4.  
    1.    2.    4.  
    2.    2.    4.  
    3.    2.    4.  
    0.    3.    4.  
    1.    3.    4.  
    2.    3.    4.  
    3.    3.    4.  
                                     }
