  
   1.0000000000000000
  
   6.1468033057177948E-02   6.1467925037043181E-02   0.9962145226324108
   2.2173036832137612E-02   6.7697373708571332E-02   0.9974594839042851
  -2.2170652552072810E-02   6.7699669926708353E-02   0.9974593810563065
  -6.1465897092634308E-02   6.1465749900585773E-02   0.9962147886293178
   6.7697285217894573E-02   2.2173126572476411E-02   0.9974594879152375
   2.4416767811961268E-02   2.4416628449345303E-02   0.9994036470339616
  -2.4414421624440383E-02   2.4413775338170352E-02   0.9994037740525504
  -6.7695037989922782E-02   2.2175623789841732E-02   0.9974595849161380
   6.7699756353331073E-02  -2.2170800044356634E-02   0.9974593719120056
   2.4413636874961939E-02  -2.4414292598371402E-02   0.9994037805869351
  -2.4411300126687061E-02  -2.4411430051069941E-02   0.9994039075914135
  -6.7697553176056635E-02  -2.2173237390195270E-02   0.9974594672655192
   6.1465648706297026E-02  -6.1465810735256809E-02   0.9962148002011272
   2.2175711401553194E-02  -6.7695168445487952E-02   0.9974595741146465
  -2.2173387009211207E-02  -6.7697420645284709E-02   0.9974594729343720
  -6.1463527602555801E-02  -6.1463620784075051E-02   0.9962150661853901
   2.0324659802544668E-02   2.0324566868755833E-02   0.9995868247358547
   7.8283418473662787E-03   2.1936643459441966E-02   0.9997287135706637
  -7.8261274616369478E-03   2.1938633077461980E-02   0.9997286872485188
  -2.0322639637818107E-02   2.0322592029085321E-02   0.9995869059623435
   2.1936555009891823E-02   7.8284356061246365E-03   0.9997287147772933
   8.4799630886396998E-03   8.4798436719026680E-03   0.9999280886530367
  -8.4777905826474813E-03   8.4773514132016371E-03   0.9999281282071496
  -2.1934457926647062E-02   7.8306163143957545E-03   0.9997287437118134
   2.1938719873591129E-02  -7.8262433006486380E-03   0.9997286844369861
   8.4772329274781354E-03  -8.4776764893724123E-03   0.9999281301789819
  -8.4750648140138798E-03  -8.4751798381623254E-03   0.9999281697217601
  -2.1936639406138450E-02  -7.8284002261041520E-03   0.9997287132024691
   2.0322505531676898E-02  -2.0322559894356919E-02   0.9995869093421820
   7.8307083693678753E-03  -2.1934561335604785E-02   0.9997287407219263
  -7.8285177683823128E-03  -2.1936534342038308E-02   0.9997287145874179
  -2.0320492124397044E-02  -2.0320578303956071E-02   0.9995869905602089
  -2.0320492123489194E-02  -2.0320578303308190E-02   0.9995869905602405
  -7.8285177695336400E-03  -2.1936534342817855E-02   0.9997287145873918
   7.8307083705300169E-03  -2.1934561334807427E-02   0.9997287407219347
   2.0322505530726127E-02  -2.0322559895061012E-02   0.9995869093421870
  -2.1936639407213188E-02  -7.8284002269393815E-03   0.9997287132024391
  -8.4750648126660361E-03  -8.4751798371825223E-03   0.9999281697217799
   8.4772329261219997E-03  -8.4776764903622438E-03   0.9999281301789850
   2.1938719874676514E-02  -7.8262432997965540E-03   0.9997286844369691
  -2.1934457925559113E-02   7.8306163152451376E-03   0.9997287437118306
  -8.4777905840013549E-03   8.4773514122104040E-03   0.9999281282071466
   8.4799630899854966E-03   8.4798436728816089E-03   0.9999280886530170
   2.1936555008814411E-02   7.8284356052877938E-03   0.9997287147773235
  -2.0322639638764649E-02   2.0322592028378487E-02   0.9995869059623385
  -7.8261274604746814E-03   2.1938633078255877E-02   0.9997286872485105
   7.8283418462147345E-03   2.1936643458659279E-02   0.9997287135706899
   2.0324659803448612E-02   2.0324566869401570E-02   0.9995868247358232
  -6.1463527600168100E-02  -6.1463620782370235E-02   0.9962150661856426
  -2.2173387012257212E-02  -6.7697420647357953E-02   0.9974594729341636
   2.2175711404632151E-02  -6.7695168443367398E-02   0.9974595741147220
   6.1465648703798358E-02  -6.1465810737112103E-02   0.9962148002011668
  -6.7697553178914710E-02  -2.2173237392405225E-02   0.9974594672652759
  -2.4411300123077687E-02  -2.4411430048444552E-02   0.9994039075915658
   2.4413636871332745E-02  -2.4414292601022788E-02   0.9994037805869589
   6.7699756356221566E-02  -2.2170800042099956E-02   0.9974593719118596
  -6.7695037987030166E-02   2.2175623792096189E-02   0.9974595849162841
  -2.4414421628067388E-02   2.4413775335517758E-02   0.9994037740525267
   2.4416767815568605E-02   2.4416628451969950E-02   0.9994036470338095
   6.7697285215034222E-02   2.2173126570265073E-02   0.9974594879154809
  -6.1465897095129222E-02   6.1465749898728494E-02   0.9962147886292784
  -2.2170652548994259E-02   6.7699669928825743E-02   0.9974593810562313
   2.2173036829091823E-02   6.7697373706495367E-02   0.9974594839044937
   6.1468033059562249E-02   6.1467925038746651E-02   0.9962145226321586
  
   0.5000000000000000
  
   7.9573192219500752E-02   7.9574727520511479E-02   0.9936478097495284
   2.9599029037217860E-02   8.6096514092010662E-02   0.9958470202502282
  -2.9593816452592583E-02   8.6096352697659542E-02   0.9958471891208663
  -7.9568331793365421E-02   7.9574409211398064E-02   0.9936482244608894
   8.6098419735511481E-02   2.9597016647448612E-02   0.9958469153060717
   3.2035005266016048E-02   3.2037630590819752E-02   0.9989731471184460
  -3.2029733344961037E-02   3.2037636153122280E-02   0.9989733159857528
  -8.6093549184038110E-02   2.9596850472361935E-02   0.9958473413284852
   8.6094484505392990E-02  -2.9591840551943464E-02   0.9958474093506992
   3.2040240936408934E-02  -3.2032338118405550E-02   0.9989731489261385
  -3.2034969017024378E-02  -3.2032343680769820E-02   0.9989733178210494
  -8.6089613954741309E-02  -2.9591674375914465E-02   0.9958478353527479
   7.9575818882067023E-02  -7.9569741438651725E-02   0.9936479986879835
   2.9594874572116771E-02  -8.6091680929691689E-02   0.9958475615643998
  -2.9589661985599907E-02  -8.6091519538940120E-02   0.9958477304121621
  -7.9570958464621644E-02  -7.9569423135781206E-02   0.9936484134093209
   2.7002134109819564E-02   2.7003491832682167E-02   0.9992705820659176
   1.0582573956736176E-02   2.8550285950621195E-02   0.9995363376589108
  -1.0577771824209853E-02   2.8550106035796458E-02   0.9995363936288563
  -2.6997580983951247E-02   2.7003104226964829E-02   0.9992707155636668
   2.8551948370023967E-02   1.0580808541473972E-02   0.9995363088627067
   1.1231564455686842E-02   1.1233839446538951E-02   0.9998738184446911
  -1.1226775450206485E-02   1.1233829356355139E-02   0.9998738723413984
  -2.8547435503743179E-02   1.0580624339831049E-02   0.9995364397132999
   2.8548475178150134E-02  -1.0576037059159391E-02   0.9995364585672331
   1.1236088258707680E-02  -1.1229034355358478E-02   0.9998738215935493
  -1.1231299252230544E-02  -1.1229024263800088E-02   0.9998738755119018
  -2.8543962312004754E-02  -1.0575852854663047E-02   0.9995365894012722
   2.7004346668514926E-02  -2.6998823422109582E-02   0.9992706484205510
   1.0578889570008699E-02  -2.8545804633593928E-02   0.9995365046526747
  -1.0574087434434477E-02  -2.8545624719475218E-02   0.9995365606041152
  -2.6999793543981670E-02  -2.6998435817154488E-02   0.9992707819265053
  -2.6999793543981715E-02  -2.6998435817154443E-02   0.9992707819265053
  -1.0574087434434463E-02  -2.8545624719475152E-02   0.9995365606041152
   1.0578889570008809E-02  -2.8545804633593793E-02   0.9995365046526746
   2.7004346668514881E-02  -2.6998823422109301E-02   0.9992706484205509
  -2.8543962312004872E-02  -1.0575852854663177E-02   0.9995365894012722
  -1.1231299252230624E-02  -1.1229024263800161E-02   0.9998738755119018
   1.1236088258707625E-02  -1.1229034355358346E-02   0.9998738215935492
   2.8548475178150099E-02  -1.0576037059159143E-02   0.9995364585672331
  -2.8547435503743186E-02   1.0580624339830740E-02   0.9995364397132998
  -1.1226775450206544E-02   1.1233829356354969E-02   0.9998738723413982
   1.1231564455686769E-02   1.1233839446538999E-02   0.9998738184446911
   2.8551948370023925E-02   1.0580808541474184E-02   0.9995363088627068
  -2.6997580983951185E-02   2.7003104226964541E-02   0.9992707155636669
  -1.0577771824209907E-02   2.8550106035796222E-02   0.9995363936288562
   1.0582573956736091E-02   2.8550285950621146E-02   0.9995363376589108
   2.7002134109819505E-02   2.7003491832682185E-02   0.9992705820659176
  -7.9570958464621491E-02  -7.9569423135781289E-02   0.9936484134093208
  -2.9589661985599869E-02  -8.6091519538940064E-02   0.9958477304121620
   2.9594874572116861E-02  -8.6091680929691564E-02   0.9958475615643997
   7.9575818882066912E-02  -7.9569741438651476E-02   0.9936479986879834
  -8.6089613954741420E-02  -2.9591674375914520E-02   0.9958478353527479
  -3.2034969017024524E-02  -3.2032343680769855E-02   0.9989733178210494
   3.2040240936408837E-02  -3.2032338118405425E-02   0.9989731489261386
   8.6094484505392893E-02  -2.9591840551943319E-02   0.9958474093506993
  -8.6093549184038234E-02   2.9596850472361734E-02   0.9958473413284851
  -3.2029733344961231E-02   3.2037636153122197E-02   0.9989733159857528
   3.2035005266015860E-02   3.2037630590819759E-02   0.9989731471184460
   8.6098419735511383E-02   2.9597016647448699E-02   0.9958469153060717
  -7.9568331793365560E-02   7.9574409211398009E-02   0.9936482244608894
  -2.9593816452592736E-02   8.6096352697659348E-02   0.9958471891208662
   2.9599029037217710E-02   8.6096514092010648E-02   0.9958470202502281
   7.9573192219500780E-02   7.9574727520511424E-02   0.9936478097495283
  
   0.4000000000000000
  
   8.4536097007480479E-02   8.4536420442018007E-02   0.9928279014620773
   3.1658596377067132E-02   9.1089850511367254E-02   0.9953393252601098
  -3.1651710346720374E-02   9.1089944278574420E-02   0.9953395356778779
  -8.4529711795106890E-02   8.4535738096028296E-02   0.9928285032211736
   9.1090252760165705E-02   3.1658188062589951E-02   0.9953393014347834
   3.4136382805721982E-02   3.4137043421558745E-02   0.9988340050455711
  -3.4129416173380139E-02   3.4136542112505414E-02   0.9988342602475474
  -9.1083835226780166E-02   3.1658285496827282E-02   0.9953398856269059
   9.1089537140175439E-02  -3.1651293429298247E-02   0.9953395861955059
   3.4137189388186537E-02  -3.4130063413897599E-02   0.9988342160098633
  -3.4130222723486238E-02  -3.4129562125884846E-02   0.9988344712142952
  -9.1083119574109986E-02  -3.1651390819776505E-02   0.9953401703879041
   8.4536021020753485E-02  -8.4529994668054498E-02   0.9928284550471936
   3.1657868547099413E-02  -9.1083428002142072E-02   0.9953399361536908
  -3.1650982532474024E-02  -9.1083521784514246E-02   0.9953401465650117
  -8.4529635761283750E-02  -8.4529312329963455E-02   0.9928290568043867
   2.8859002962609074E-02   2.8859286577250821E-02   0.9991668026542196
   1.1351410388445921E-02   3.0366325022598208E-02   0.9994743777540348
  -1.1345090827793105E-02   3.0366349754732892E-02   0.9994744487562864
  -2.8853034963426557E-02   2.8858537359875352E-02   0.9991669966501335
   3.0366673117215866E-02   1.1351056484322684E-02   0.9994743711974219
   1.1996590764691277E-02   1.1997160558925826E-02   0.9998560646155765
  -1.1990291874019463E-02   1.1996706854748579E-02   0.9998561456156665
  -3.0360745734894060E-02   1.1351085316430651E-02   0.9994745509419237
   3.0365996550219716E-02  -1.1344728568710438E-02   0.9994744635993530
   1.1997266998030607E-02  -1.1990852011072620E-02   0.9998561321773382
  -1.1990968096975335E-02  -1.1990398315714704E-02   0.9998562131788390
  -3.0360069143070684E-02  -1.1344757383429794E-02   0.9994746433409599
   2.8858784684207633E-02  -2.8853282269393894E-02   0.9991669823652266
   1.1350723036607330E-02  -3.0360392495212659E-02   0.9994745657864851
  -1.1344403488650059E-02  -3.0360417247555435E-02   0.9994746367837660
  -2.8852816663815044E-02  -2.8852533061798313E-02   0.9991671763556297
  -2.8852816663815152E-02  -2.8852533061798347E-02   0.9991671763556297
  -1.1344403488650102E-02  -3.0360417247555418E-02   0.9994746367837660
   1.1350723036607370E-02  -3.0360392495212520E-02   0.9994745657864851
   2.8858784684207509E-02  -2.8853282269393606E-02   0.9991669823652267
  -3.0360069143070836E-02  -1.1344757383430031E-02   0.9994746433409599
  -1.1990968096975479E-02  -1.1990398315714820E-02   0.9998562131788389
   1.1997266998030488E-02  -1.1990852011072471E-02   0.9998561321773382
   3.0365996550219630E-02  -1.1344728568710142E-02   0.9994744635993530
  -3.0360745734894105E-02   1.1351085316430268E-02   0.9994745509419238
  -1.1990291874019546E-02   1.1996706854748405E-02   0.9998561456156665
   1.1996590764691168E-02   1.1997160558925933E-02   0.9998560646155765
   3.0366673117215782E-02   1.1351056484322990E-02   0.9994743711974219
  -2.8853034963426481E-02   2.8858537359875040E-02   0.9991669966501335
  -1.1345090827793171E-02   3.0366349754732676E-02   0.9994744487562863
   1.1351410388445792E-02   3.0366325022598232E-02   0.9994743777540347
   2.8859002962608973E-02   2.8859286577250950E-02   0.9991668026542196
  -8.4529635761283708E-02  -8.4529312329963607E-02   0.9928290568043867
  -3.1650982532474108E-02  -9.1083521784514274E-02   0.9953401465650117
   3.1657868547099365E-02  -9.1083428002141878E-02   0.9953399361536908
   8.4536021020753194E-02  -8.4529994668054234E-02   0.9928284550471937
  -9.1083119574110152E-02  -3.1651390819776658E-02   0.9953401703879041
  -3.4130222723486495E-02  -3.4129562125884895E-02   0.9988344712142951
   3.4137189388186280E-02  -3.4130063413897405E-02   0.9988342160098633
   9.1089537140175175E-02  -3.1651293429298025E-02   0.9953395861955060
  -9.1083835226780360E-02   3.1658285496827032E-02   0.9953398856269059
  -3.4129416173380382E-02   3.4136542112505330E-02   0.9988342602475474
   3.4136382805721684E-02   3.4137043421558849E-02   0.9988340050455711
   9.1090252760165497E-02   3.1658188062590166E-02   0.9953393014347836
  -8.4529711795106946E-02   8.4535738096028212E-02   0.9928285032211736
  -3.1651710346720631E-02   9.1089944278574239E-02   0.9953395356778779
   3.1658596377066833E-02   9.1089850511367296E-02   0.9953393252601098
   8.4536097007480396E-02   8.4536420442018048E-02   0.9928279014620773
  
   0.3000000000000000
  
   9.0146448896653852E-02   9.0147492901515941E-02   0.9918402327365502
   3.4001638054426728E-02   9.6717181192636087E-02   0.9947309563252601
  -3.3991506014835721E-02   9.6717888728445195E-02   0.9947312338107995
  -9.0137121459084618E-02   9.0145688531744261E-02   0.9918412444409679
   9.6718126435620735E-02   3.4000635221367474E-02   0.9947308986973947
   3.6515473848614782E-02   3.6516565468659529E-02   0.9986656901165596
  -3.6505218694160915E-02   3.6515307062508585E-02   0.9986661110492447
  -9.6708711711420273E-02   3.4001400724595815E-02   0.9947317878844945
   9.6716970304921296E-02  -3.3990528570069206E-02   0.9947313565091653
   3.6516409188985098E-02  -3.6506320703872969E-02   0.9986660304669467
  -3.6506153907621887E-02  -3.6505062398861657E-02   0.9986664513971260
  -9.6707555504312884E-02  -3.3991293910050020E-02   0.9947322457056978
   9.0146660126323108E-02  -9.0138092959879526E-02   0.9918410678458648
   3.4000423144444493E-02  -9.6707793214693735E-02   0.9947319105957859
  -3.3990291206269466E-02  -9.6708500777831954E-02   0.9947321880692396
  -9.0137332549232424E-02  -9.0136288620292923E-02   0.9918420795442530
   3.0969114385784088E-02   3.0970054917112466E-02   0.9990404244336619
   1.2230285984210642E-02   3.2422397685334940E-02   0.9993994237706356
  -1.2221027198170590E-02   3.2422941303844460E-02   0.9993995193972374
  -3.0960414414321399E-02   3.0968209699588987E-02   0.9990407512845989
   3.2423233636598825E-02   1.2229396746939838E-02   0.9993994075322199
   1.2863428234382185E-02   1.2864379169843933E-02   0.9998345062872322
  -1.2854204402872082E-02   1.2863249558724789E-02   0.9998346394479234
  -3.2414569188174626E-02   1.2229995046530434E-02   0.9993996812714655
   3.2422126529540518E-02  -1.2220158287947572E-02   0.9993995564551347
   1.2864213062803557E-02  -1.2855167865645157E-02   0.9998346146645559
  -1.2854989187985146E-02  -1.2854038296065462E-02   0.9998347478220888
  -3.2413462000169403E-02  -1.2220756517414409E-02   0.9993998301937547
   3.0969089802600828E-02  -3.0961294463948828E-02   0.9990406967295753
   1.2229126066759419E-02  -3.2413754335043114E-02   0.9993997183337359
  -1.2219867344419544E-02  -3.2414298021428450E-02   0.9993998139512849
  -3.0960389763830951E-02  -3.0959449283335001E-02   0.9990410235649706
  -3.0960389763831031E-02  -3.0959449283335074E-02   0.9990410235649705
  -1.2219867344419572E-02  -3.2414298021428430E-02   0.9993998139512849
   1.2229126066759478E-02  -3.2413754335042920E-02   0.9993997183337359
   3.0969089802600710E-02  -3.0961294463948456E-02   0.9990406967295753
  -3.2413462000169521E-02  -1.2220756517414694E-02   0.9993998301937546
  -1.2854989187985262E-02  -1.2854038296065580E-02   0.9998347478220889
   1.2864213062803432E-02  -1.2855167865644983E-02   0.9998346146645558
   3.2422126529540463E-02  -1.2220158287947246E-02   0.9993995564551347
  -3.2414569188174633E-02   1.2229995046530016E-02   0.9993996812714654
  -1.2854204402872155E-02   1.2863249558724593E-02   0.9998346394479235
   1.2863428234382043E-02   1.2864379169844021E-02   0.9998345062872322
   3.2423233636598714E-02   1.2229396746940119E-02   0.9993994075322200
  -3.0960414414321319E-02   3.0968209699588644E-02   0.9990407512845989
  -1.2221027198170682E-02   3.2422941303844245E-02   0.9993995193972374
   1.2230285984210439E-02   3.2422397685334947E-02   0.9993994237706355
   3.0969114385783921E-02   3.0970054917112556E-02   0.9990404244336618
  -9.0137332549232396E-02  -9.0136288620293242E-02   0.9918420795442530
  -3.3990291206269542E-02  -9.6708500777832038E-02   0.9947321880692395
   3.4000423144444500E-02  -9.6707793214693541E-02   0.9947319105957860
   9.0146660126322928E-02  -9.0138092959879179E-02   0.9918410678458648
  -9.6707555504313022E-02  -3.3991293910050319E-02   0.9947322457056978
  -3.6506153907622109E-02  -3.6505062398861761E-02   0.9986664513971260
   3.6516409188984904E-02  -3.6506320703872816E-02   0.9986660304669467
   9.6716970304921129E-02  -3.3990528570069005E-02   0.9947313565091654
  -9.6708711711420453E-02   3.4001400724595537E-02   0.9947317878844945
  -3.6505218694161207E-02   3.6515307062508530E-02   0.9986661110492446
   3.6515473848614435E-02   3.6516565468659577E-02   0.9986656901165596
   9.6718126435620472E-02   3.4000635221367585E-02   0.9947308986973948
  -9.0137121459084715E-02   9.0145688531744178E-02   0.9918412444409679
  -3.3991506014835998E-02   9.6717888728444987E-02   0.9947312338107995
   3.4001638054426304E-02   9.6717181192636129E-02   0.9947309563252601
   9.0146448896653630E-02   9.0147492901515983E-02   0.9918402327365502
  
   0.2000000000000000
  
   9.6541625379900728E-02   9.6542112571026947E-02   0.9906358236351692
   3.6686622962888327E-02   0.1031104516449557   0.9939931219365414
  -3.6667689334809100E-02   0.1031110276445490   0.9939937608138850
  -9.6524208787609908E-02   9.6539830496403078E-02   0.9906377431965995
   0.1031110883627915   3.6685912597666286E-02   0.9939930821054627
   3.9235561931933900E-02   3.9236390830486925E-02   0.9984593513581225
  -3.9216387226404983E-02   3.9234767103439441E-02   0.9984601684710550
  -0.1030935593545207   3.6686602298580034E-02   0.9939948748516774
   0.1031103838856098  -3.6666975414872557E-02   0.9939938539291313
   3.9235562774027732E-02  -3.9217182948968921E-02   0.9984601059508349
  -3.9216388076165842E-02  -3.9215559133161874E-02   0.9984609230351146
  -0.1030928548331542  -3.6667665079322190E-02   0.9939956466805984
   9.6540268141344518E-02  -9.6524646479985071E-02   0.9906376578997546
   3.6685888446770357E-02  -0.1030929156634661   0.9939949679595348
  -3.6666954661431349E-02  -0.1030934916095323   0.9939956068432153
  -9.6522851456718697E-02  -9.6522364255654844E-02   0.9906395774171164
   3.3390341727057987E-02   3.3390773821469946E-02   0.9988844484238174
   1.3241847400329588E-02   3.4770818431376554E-02   0.9993075821102523
  -1.3224622617571851E-02   3.4771153192822507E-02   0.9993077985597151
  -3.3374141007027500E-02   3.3388295415209622E-02   0.9988850726892007
   3.4771375263979935E-02   1.3241217908853341E-02   0.9993075710763637
   1.3857997368133845E-02   1.3858719669115107E-02   0.9998079274531072
  -1.3840854997228751E-02   1.3857242068013816E-02   0.9998081853911850
  -3.4755301422935383E-02   1.3241667799223812E-02   0.9993081242824436
   3.4770587365105451E-02  -1.3223987837759885E-02   0.9993078266480016
   1.3857934092018144E-02  -1.3841547034746517E-02   0.9998081662190933
  -1.3840791728807427E-02  -1.3840069405223525E-02   0.9998084241309324
  -3.4754513532424362E-02  -1.3224437732100476E-02   0.9993083798486804
   3.3388682852305424E-02  -3.3374528463489671E-02   0.9988850467932873
   1.3241033056193669E-02  -3.4754735632390968E-02   0.9993081523707926
  -1.3223808218059558E-02  -3.4755070354587456E-02   0.9993083688135808
  -3.3372482112509490E-02  -3.3372050001365512E-02   0.9988856709936110
  -3.3372482112509698E-02  -3.3372050001365651E-02   0.9988856709936110
  -1.3223808218059642E-02  -3.4755070354587456E-02   0.9993083688135808
   1.3241033056193808E-02  -3.4754735632390794E-02   0.9993081523707926
   3.3388682852305403E-02  -3.3374528463489289E-02   0.9988850467932874
  -3.4754513532424647E-02  -1.3224437732100780E-02   0.9993083798486804
  -1.3840791728807613E-02  -1.3840069405223650E-02   0.9998084241309324
   1.3857934092018069E-02  -1.3841547034746340E-02   0.9998081662190933
   3.4770587365105458E-02  -1.3223987837759544E-02   0.9993078266480016
  -3.4755301422935564E-02   1.3241667799223368E-02   0.9993081242824436
  -1.3840854997228924E-02   1.3857242068013561E-02   0.9998081853911850
   1.3857997368133718E-02   1.3858719669115201E-02   0.9998079274531072
   3.4771375263979921E-02   1.3241217908853695E-02   0.9993075710763637
  -3.3374141007027576E-02   3.3388295415209213E-02   0.9988850726892007
  -1.3224622617572030E-02   3.4771153192822236E-02   0.9993077985597151
   1.3241847400329458E-02   3.4770818431376568E-02   0.9993075821102523
   3.3390341727057987E-02   3.3390773821470127E-02   0.9988844484238174
  -9.6522851456718739E-02  -9.6522364255655163E-02   0.9906395774171164
  -3.6666954661431467E-02  -0.1030934916095324   0.9939956068432153
   3.6685888446770405E-02  -0.1030929156634660   0.9939949679595349
   9.6540268141344393E-02  -9.6524646479984766E-02   0.9906376578997546
  -0.1030928548331545  -3.6667665079322433E-02   0.9939956466805983
  -3.9216388076166196E-02  -3.9215559133161985E-02   0.9984609230351146
   3.9235562774027503E-02  -3.9217182948968747E-02   0.9984601059508349
   0.1031103838856096  -3.6666975414872321E-02   0.9939938539291314
  -0.1030935593545211   3.6686602298579729E-02   0.9939948748516774
  -3.9216387226405344E-02   3.9234767103439275E-02   0.9984601684710550
   3.9235561931933553E-02   3.9236390830487008E-02   0.9984593513581225
   0.1031110883627913   3.6685912597666501E-02   0.9939930821054627
  -9.6524208787610186E-02   9.6539830496402898E-02   0.9906377431965995
  -3.6667689334809440E-02   0.1031110276445487   0.9939937608138850
   3.6686622962888014E-02   0.1031104516449557   0.9939931219365414
   9.6541625379900672E-02   9.6542112571027058E-02   0.9906358236351692
  
   0.1000000000000000
  
   0.1039447123809063   0.1039452061146523   0.9891364369458002
   3.9844281745739181E-02   0.1104858636228000   0.9930787013886111
  -3.9705826997881860E-02   0.1104839740989303   0.9930844570174892
  -0.1038177119600858   0.1039320401358832   0.9891511581737980
   0.1104866311505943   3.9843464179906876E-02   0.9930786487983402
   4.2426193004677135E-02   4.2427096525678172E-02   0.9981983568547539
  -4.2285633152367177E-02   4.2422270521364713E-02   0.9982045262333343
  -0.1103588788405531   3.9841645761095328E-02   0.9930929267314834
   0.1104833376376060  -3.9705152134335869E-02   0.9930845548081211
   4.2423302508203982E-02  -4.2286665586811580E-02   0.9982044386386221
  -4.2282740759398238E-02  -4.2281836790930873E-02   0.9982106070922402
  -0.1103555834154941  -3.9703328662294347E-02   0.9930988323939163
   0.1039326215175392  -0.1038182937727559   0.9891510360216006
   3.9840971490176999E-02  -0.1103582427672683   0.9930930244665097
  -3.9702510521716333E-02  -0.1103563507577422   0.9930987798329566
  -0.1038056159218915  -0.1038051218126356   0.9891657549614931
   3.6241925415797571E-02   3.6242362866854970E-02   0.9986856432211204
   1.4465768916952794E-02   3.7521803715986818E-02   0.9991911007287546
  -1.4340414918492672E-02   3.7518811481167570E-02   0.9991930200341703
  -3.6124082405667293E-02   3.6227115077466530E-02   0.9986904659620580
   3.7522479047128438E-02   1.4465045757445887E-02   0.9991910858376353
   1.5056335506706021E-02   1.5057122559286771E-02   0.9997732692072460
  -1.4931476021337745E-02   1.5052413950631238E-02   0.9997752126643683
  -3.7405778879303624E-02   1.4462149909840271E-02   0.9991955033557837
   3.7518249458903967E-02  -1.4339817445909259E-02   0.9991930497121952
   1.5053316613689941E-02  -1.4932378829899031E-02   0.9997751855899447
  -1.4928456510128307E-02  -1.4927669293603318E-02   0.9997771281019016
  -3.7401548847421327E-02  -1.4336920026023698E-02   0.9991974664039043
   3.6227642118310914E-02  -3.6124609659813518E-02   0.9986904277720267
   1.4461552716320212E-02  -3.7405217201990582E-02   0.9991955330259964
  -1.4336196606497077E-02  -3.7402223877363888E-02   0.9991974515159091
  -3.6109797414770342E-02  -3.6109359752900666E-02   0.9986952471444429
  -3.6109797414770488E-02  -3.6109359752900923E-02   0.9986952471444428
  -1.4336196606497121E-02  -3.7402223877363944E-02   0.9991974515159091
   1.4461552716320254E-02  -3.7405217201990318E-02   0.9991955330259964
   3.6227642118310831E-02  -3.6124609659813040E-02   0.9986904277720267
  -3.7401548847421452E-02  -1.4336920026024123E-02   0.9991974664039043
  -1.4928456510128446E-02  -1.4927669293603519E-02   0.9997771281019014
   1.5053316613689832E-02  -1.4932378829898833E-02   0.9997751855899447
   3.7518249458903856E-02  -1.4339817445908757E-02   0.9991930497121952
  -3.7405778879303679E-02   1.4462149909839669E-02   0.9991955033557838
  -1.4931476021337872E-02   1.5052413950630917E-02   0.9997752126643683
   1.5056335506705848E-02   1.5057122559286869E-02   0.9997732692072460
   3.7522479047128313E-02   1.4465045757446294E-02   0.9991910858376353
  -3.6124082405667300E-02   3.6227115077465982E-02   0.9986904659620580
  -1.4340414918492795E-02   3.7518811481167175E-02   0.9991930200341704
   1.4465768916952580E-02   3.7521803715986804E-02   0.9991911007287546
   3.6241925415797412E-02   3.6242362866855185E-02   0.9986856432211204
  -0.1038056159218915  -0.1038051218126362   0.9891657549614929
  -3.9702510521716521E-02  -0.1103563507577424   0.9930987798329566
   3.9840971490176923E-02  -0.1103582427672680   0.9930930244665097
   0.1039326215175389  -0.1038182937727554   0.9891510360216006
  -0.1103555834154943  -3.9703328662294798E-02   0.9930988323939163
  -4.2282740759398509E-02  -4.2281836790931088E-02   0.9982106070922401
   4.2423302508203753E-02  -4.2286665586811399E-02   0.9982044386386221
   0.1104833376376057  -3.9705152134335515E-02   0.9930845548081211
  -0.1103588788405534   3.9841645761094883E-02   0.9930929267314834
  -4.2285633152367566E-02   4.2422270521364429E-02   0.9982045262333343
   4.2426193004676739E-02   4.2427096525678214E-02   0.9981983568547539
   0.1104866311505942   3.9843464179907154E-02   0.9930786487983402
  -0.1038177119600861   0.1039320401358829   0.9891511581737980
  -3.9705826997882242E-02   0.1104839740989300   0.9930844570174892
   3.9844281745738792E-02   0.1104858636228000   0.9930787013886111
   0.1039447123809062   0.1039452061146524   0.9891364369458002
  
   2.7755575615628914E-17
  
   0.5773508583656385   0.5773506709140732   0.5773492782878749
   0.5762816889403204   0.5778829472144343   0.5778846894587634
   0.5426991728246032   0.5939191264543684   0.5939172324888135
   0.4807367628813326   0.6200362708978708   0.6200380533365993
   0.5778827190802180   0.5762819265842999   0.5778846806074216
   0.5871904270484913   0.5871901589184431   0.5571491000189660
   0.5627784295977069   0.6156288816218874   0.5516171854579252
   0.5086245540202136   0.6534888407773390   0.5605830875322843
   0.5939193580353018   0.5426989180913605   0.5939172336726740
   0.6156286052917951   0.5627787236379853   0.5516171938644401
   0.6041456462007355   0.6041453535091751   0.5196310518146213
   0.5605838140914410   0.6534876408636103   0.5086252949050075
   0.6200360751120816   0.4807369949282647   0.6200380692078085
   0.6534890820718204   0.5086242781521998   0.5605830565465598
   0.6534873802857817   0.5605840974886934   0.5086253173506143
   0.6200374942723613   0.6200372612069908   0.4807362066782424
   0.5778840840494115   0.5778838926092792   0.5762813480107786
   0.5871887180531954   0.5571500261775536   0.5871909891350484
   0.5627802759397352   0.5516162273698352   0.6156280522486495
   0.5086228799470748   0.5605839169778658   0.6534894322176121
   0.5571497945220382   0.5871889517917158   0.5871909752012513
   0.5773511895735559   0.5773509280865711   0.5773486899054807
   0.5636184746507420   0.5840939517074113   0.5840962853941045
   0.5196335810345173   0.6041455153257889   0.6041433089698013
   0.5516164607298951   0.5627800352549021   0.6156280631763915
   0.5840936838601115   0.5636187485939155   0.5840962889011988
   0.5840955840423203   0.5840953136087484   0.5636177901047469
   0.5516147946199869   0.6156288375345966   0.5627808212369634
   0.5605837174787270   0.5086230911331642   0.6534894389841933
   0.6041457516050424   0.5196333331956491   0.6041432858598678
   0.6156285951597580   0.5516150450861806   0.5627808408751968
   0.5939192594907960   0.5939190521469492   0.5426970358337827
   0.5939192594907957   0.5939190521469501   0.5426970358337820
   0.6156285951597579   0.5516150450861816   0.5627808408751962
   0.6041457516050417   0.5196333331956496   0.6041432858598679
   0.5605837174787262   0.5086230911331644   0.6534894389841941
   0.5516147946199873   0.6156288375345971   0.5627808212369624
   0.5840955840423205   0.5840953136087489   0.5636177901047464
   0.5840936838601112   0.5636187485939157   0.5840962889011989
   0.5516164607298939   0.5627800352549026   0.6156280631763922
   0.5196335810345182   0.6041455153257885   0.6041433089698010
   0.5636184746507420   0.5840939517074114   0.5840962853941045
   0.5773511895735557   0.5773509280865710   0.5773486899054812
   0.5571497945220383   0.5871889517917156   0.5871909752012517
   0.5086228799470757   0.5605839169778656   0.6534894322176115
   0.5627802759397356   0.5516162273698345   0.6156280522486496
   0.5871887180531954   0.5571500261775533   0.5871909891350486
   0.5778840840494111   0.5778838926092786   0.5762813480107792
   0.6200374942723611   0.6200372612069915   0.4807362066782415
   0.6534873802857813   0.5605840974886948   0.5086253173506133
   0.6534890820718193   0.5086242781522009   0.5605830565465598
   0.6200360751120801   0.4807369949282645   0.6200380692078097
   0.5605838140914412   0.6534876408636109   0.5086252949050066
   0.6041456462007356   0.6041453535091759   0.5196310518146205
   0.6156286052917944   0.5627787236379856   0.5516171938644405
   0.5939193580353009   0.5426989180913605   0.5939172336726748
   0.5086245540202141   0.6534888407773392   0.5605830875322835
   0.5627784295977066   0.6156288816218879   0.5516171854579252
   0.5871904270484909   0.5871901589184432   0.5571491000189664
   0.5778827190802178   0.5762819265842997   0.5778846806074218
   0.4807367628813330   0.6200362708978712   0.6200380533365987
   0.5426991728246036   0.5939191264543685   0.5939172324888132
   0.5762816889403201   0.5778829472144343   0.5778846894587637
   0.5773508583656385   0.5773506709140730   0.5773492782878754
  
  -9.9999999999999725E-03
  
   0.6388167118747188   0.6388160242544099   0.4287508551424263
   0.6529180956906288   0.6330883374587074   0.4158089913572010
   0.6385359940778143   0.6500410792423035   0.4119689060652014
   0.5945433117741477   0.6872690215091082   0.4173482269023574
   0.6330875068977092   0.6529189151090540   0.4158089692429192
   0.6541045319540447   0.6541032298848460   0.3798634306318421
   0.6443279072851908   0.6784370320771872   0.3529373051970906
   0.6039563783654236   0.7211561609670977   0.3393677717917820
   0.6500420704293638   0.6385349621777454   0.4119689414853641
   0.6784359105280108   0.6443290840902658   0.3529373127078351
   0.6745054745187954   0.6745041145045585   0.3001442392593874
   0.6389964115247345   0.7208824662768409   0.2683506211528702
   0.6872685339016278   0.5945438663331614   0.4173482398600995
   0.7211571209445798   0.6039552497832025   0.3393677403204878
   0.7208816254229092   0.6389973497260022   0.2683506459294808
   0.6889441777932476   0.6889434100519156   0.2251952433574571
   0.6507361438958869   0.6507354576352501   0.3912618499211918
   0.6711539474762482   0.6270455469014156   0.3954317398719456
   0.6595176818208278   0.6269146030399140   0.4147463174773085
   0.6153989253747086   0.6504928193347687   0.4451328505531331
   0.6270447213482933   0.6711547343535021   0.3954317134273899
   0.6541962974797244   0.6541950318650170   0.3795471836899192
   0.6481073557060473   0.6615462166497357   0.3772445608834356
   0.6094261845043328   0.6910002316531689   0.3887395085346455
   0.6269155980825024   0.6595167119261254   0.4147463557055210
   0.6615451335833362   0.6481084580959411   0.3772445662653174
   0.6626851213748103   0.6626838344278895   0.3488532148288200
   0.6304848712429525   0.6974704457929304   0.3406226715577937
   0.6504923389841931   0.6153994266567709   0.4451328594851107
   0.6910011752317758   0.6094251421075948   0.3887394654462580
   0.6974696506250240   0.6304857338603765   0.3406227030829703
   0.6708036323202127   0.6708029176618078   0.3163003833738033
   0.6708036323202123   0.6708029176618078   0.3163003833738041
   0.6974696506250238   0.6304857338603765   0.3406227030829707
   0.6910011752317757   0.6094251421075950   0.3887394654462580
   0.6504923389841930   0.6153994266567712   0.4451328594851105
   0.6304848712429523   0.6974704457929304   0.3406226715577940
   0.6626851213748102   0.6626838344278894   0.3488532148288201
   0.6615451335833364   0.6481084580959411   0.3772445662653173
   0.6269155980825026   0.6595167119261254   0.4147463557055205
   0.6094261845043329   0.6910002316531686   0.3887395085346457
   0.6481073557060474   0.6615462166497356   0.3772445608834357
   0.6541962974797247   0.6541950318650169   0.3795471836899189
   0.6270447213482934   0.6711547343535021   0.3954317134273897
   0.6153989253747090   0.6504928193347683   0.4451328505531332
   0.6595176818208283   0.6269146030399139   0.4147463174773082
   0.6711539474762488   0.6270455469014153   0.3954317398719449
   0.6507361438958874   0.6507354576352500   0.3912618499211911
   0.6889441777932476   0.6889434100519153   0.2251952433574575
   0.7208816254229091   0.6389973497260022   0.2683506459294809
   0.7211571209445798   0.6039552497832026   0.3393677403204877
   0.6872685339016281   0.5945438663331613   0.4173482398600989
   0.6389964115247346   0.7208824662768408   0.2683506211528705
   0.6745054745187954   0.6745041145045585   0.3001442392593872
   0.6784359105280110   0.6443290840902656   0.3529373127078348
   0.6500420704293642   0.6385349621777454   0.4119689414853635
   0.6039563783654238   0.7211561609670973   0.3393677717917821
   0.6443279072851911   0.6784370320771870   0.3529373051970903
   0.6541045319540455   0.6541032298848458   0.3798634306318415
   0.6330875068977099   0.6529189151090538   0.4158089692429187
   0.5945433117741482   0.6872690215091076   0.4173482269023575
   0.6385359940778145   0.6500410792423035   0.4119689060652010
   0.6529180956906295   0.6330883374587070   0.4158089913572002
   0.6388167118747192   0.6388160242544095   0.4287508551424258
  
  -1.9999999999999973E-02
  
   0.5114503970677431   0.5114502630974035  -0.6905339381354438
   0.5507185155582316   0.4534073447338577  -0.7008073175721916
   0.5590662493372750   0.3980772149950610  -0.7273097412751515
   0.5354028135193417   0.3645277328959713  -0.7618814600876546
   0.4534071732737226   0.5507186765383064  -0.7008073019995072
   0.5077075188868969   0.5077073131071390  -0.6960361768494802
   0.5321460868759973   0.4656331779845518  -0.7071112258920590
   0.5225831816426094   0.4404254033200149  -0.7300221108806838
   0.3980773777937488   0.5590661041197903  -0.7273097637961233
   0.4656329687141529   0.5321462839000926  -0.7071112154235478
   0.5065494529531333   0.5065492600896612  -0.6977216485214559
   0.5113853798542319   0.4919159073773064  -0.7046302103518584
   0.3645276023493081   0.5354029246170211  -0.7618814444761111
   0.4404255574453346   0.5225830425706881  -0.7300221174502377
   0.4919157557775301   0.5113855242394217  -0.7046302113989955
   0.5082520327651979   0.5082519205610261  -0.6952408621737308
   0.4917155274293876   0.4917154093260273  -0.7186318920811799
   0.5100095799194208   0.4519365699566197  -0.7318767417579692
   0.4992381900758516   0.4167016465648811  -0.7596847815508119
   0.4604005513797329   0.3976812249100045  -0.7936504114805941
   0.4519364198327730   0.5100097281943821  -0.7318767311342999
   0.4843012943536226   0.4843011073349705  -0.7286320701983460
   0.4883072516761086   0.4630505783970009  -0.7396892521908971
   0.4624521810421441   0.4557472353193239  -0.7605474592345681
   0.4167017900944396   0.4992380503580391  -0.7596847946397201
   0.4630503876264419   0.4883074387817258  -0.7396892480964106
   0.4841451231959083   0.4841449404813702  -0.7288396094422350
   0.4727010216490081   0.4898629924776738  -0.7325216670739526
   0.3976811082480499   0.4604006624930740  -0.7936504054799831
   0.4557473773326763   0.4624520443264173  -0.7605474572652944
   0.4898628477141588   0.4727011635385193  -0.7325216723201471
   0.4913482537459036   0.4913481426376817  -0.7191341295386775
   0.4913482537459039   0.4913481426376815  -0.7191341295386776
   0.4898628477141589   0.4727011635385192  -0.7325216723201471
   0.4557473773326763   0.4624520443264172  -0.7605474572652943
   0.3976811082480501   0.4604006624930735  -0.7936504054799831
   0.4727010216490081   0.4898629924776735  -0.7325216670739527
   0.4841451231959083   0.4841449404813700  -0.7288396094422350
   0.4630503876264420   0.4883074387817257  -0.7396892480964106
   0.4167017900944399   0.4992380503580391  -0.7596847946397201
   0.4624521810421439   0.4557472353193234  -0.7605474592345682
   0.4883072516761086   0.4630505783970008  -0.7396892521908972
   0.4843012943536228   0.4843011073349704  -0.7286320701983457
   0.4519364198327736   0.5100097281943818  -0.7318767311342996
   0.4604005513797332   0.3976812249100044  -0.7936504114805942
   0.4992381900758519   0.4167016465648810  -0.7596847815508119
   0.5100095799194212   0.4519365699566193  -0.7318767417579691
   0.4917155274293880   0.4917154093260272  -0.7186318920811798
   0.5082520327651981   0.5082519205610257  -0.6952408621737309
   0.4919157557775305   0.5113855242394212  -0.7046302113989958
   0.4404255574453349   0.5225830425706877  -0.7300221174502379
   0.3645276023493084   0.5354029246170204  -0.7618814444761112
   0.5113853798542323   0.4919159073773059  -0.7046302103518586
   0.5065494529531335   0.5065492600896608  -0.6977216485214560
   0.4656329687141530   0.5321462839000920  -0.7071112154235478
   0.3980773777937492   0.5590661041197903  -0.7273097637961233
   0.5225831816426096   0.4404254033200144  -0.7300221108806841
   0.5321460868759977   0.4656331779845508  -0.7071112258920593
   0.5077075188868974   0.5077073131071385  -0.6960361768494802
   0.4534071732737230   0.5507186765383062  -0.7008073019995071
   0.5354028135193420   0.3645277328959706  -0.7618814600876547
   0.5590662493372754   0.3980772149950605  -0.7273097412751515
   0.5507185155582320   0.4534073447338571  -0.7008073175721915
   0.5114503970677434   0.5114502630974036  -0.6905339381354434
  
  -2.9999999999999971E-02
  
   0.4557641182087644   0.4557640569138083  -0.7645640542026905
   0.4986100855223354   0.4010814594743083  -0.7684540620501450
   0.5128975209169485   0.3478680399222559  -0.7848082312500909
   0.4958161757582006   0.3150145638576540  -0.8092787804051738
   0.4010813751532737   0.4986101656423947  -0.7684540540742969
   0.4601286810810861   0.4601285755453635  -0.7593176481639125
   0.4913530875658854   0.4203163669707227  -0.7628278278851686
   0.4884019187194082   0.3952033163750654  -0.7779960825848355
   0.3478681216190249   0.5128974469458271  -0.7848082433803200
   0.4203162620791139   0.4913531867046141  -0.7628278218228947
   0.4684068040198074   0.4684067044563142  -0.7491263078869442
   0.4798368566089420   0.4536044929187970  -0.7509990379777663
   0.3150145063242979   0.4958162254745968  -0.8092787723407693
   0.3952033948219665   0.4884018478869180  -0.7779960872021381
   0.4536044173649599   0.4798369284047042  -0.7509990377398190
   0.4763430976703400   0.4763430447841326  -0.7390497662455532
   0.4427041087522843   0.4427040546558819  -0.7797603427240243
   0.4601137759811877   0.4051475493025939  -0.7900321363377794
   0.4512284425377417   0.3705737354890891  -0.8118300309859364
   0.4163326652890228   0.3504443473728956  -0.8389611857575557
   0.4051474758738923   0.4601138491690580  -0.7900321313692545
   0.4372233857941999   0.4372232904604412  -0.7859208008403905
   0.4436082133364087   0.4168831482959507  -0.7933600656242634
   0.4216930280536364   0.4083678604583704  -0.8095743823983119
   0.3705738073276618   0.4512283719214608  -0.8118300374436690
   0.4168830535082491   0.4436083065138083  -0.7933600633316434
   0.4407856128701741   0.4407855194519202  -0.7819310515180771
   0.4333976296961098   0.4454747404604882  -0.7834020361126556
   0.3504442963069151   0.4163327143038992  -0.8389611827649114
   0.4083679321862694   0.4216929591880619  -0.8095743820879747
   0.4454746689735749   0.4333976994717399  -0.7834020381614329
   0.4511923786042754   0.4511923270711299  -0.7699681301726422
   0.4511923786042751   0.4511923270711301  -0.7699681301726423
   0.4454746689735746   0.4333976994717401  -0.7834020381614332
   0.4083679321862689   0.4216929591880615  -0.8095743820879751
   0.3504442963069150   0.4163327143038988  -0.8389611827649115
   0.4333976296961094   0.4454747404604885  -0.7834020361126556
   0.4407856128701738   0.4407855194519202  -0.7819310515180774
   0.4168830535082489   0.4436083065138079  -0.7933600633316438
   0.3705738073276616   0.4512283719214604  -0.8118300374436692
   0.4216930280536361   0.4083678604583706  -0.8095743823983118
   0.4436082133364087   0.4168831482959506  -0.7933600656242633
   0.4372233857941997   0.4372232904604409  -0.7859208008403907
   0.4051474758738927   0.4601138491690576  -0.7900321313692547
   0.4163326652890229   0.3504443473728960  -0.8389611857575555
   0.4512284425377420   0.3705737354890892  -0.8118300309859364
   0.4601137759811882   0.4051475493025939  -0.7900321363377792
   0.4427041087522845   0.4427040546558817  -0.7797603427240243
   0.4763430976703398   0.4763430447841331  -0.7390497662455531
   0.4536044173649597   0.4798369284047045  -0.7509990377398189
   0.3952033948219660   0.4884018478869179  -0.7779960872021382
   0.3150145063242981   0.4958162254745965  -0.8092787723407696
   0.4798368566089421   0.4536044929187975  -0.7509990379777662
   0.4684068040198072   0.4684067044563144  -0.7491263078869441
   0.4203162620791138   0.4913531867046140  -0.7628278218228948
   0.3478681216190250   0.5128974469458267  -0.7848082433803202
   0.4884019187194079   0.3952033163750657  -0.7779960825848358
   0.4913530875658850   0.4203163669707227  -0.7628278278851686
   0.4601286810810862   0.4601285755453633  -0.7593176481639125
   0.4010813751532739   0.4986101656423944  -0.7684540540742972
   0.4958161757582006   0.3150145638576539  -0.8092787804051738
   0.5128975209169488   0.3478680399222562  -0.7848082312500906
   0.4986100855223354   0.4010814594743080  -0.7684540620501452
   0.4557641182087644   0.4557640569138079  -0.7645640542026906
  
  -3.9999999999999973E-02
  
   0.3965151027082254   0.3965149780263979  -0.8279804620430428
   0.4433207994293208   0.3464484573822491  -0.8267043819714566
   0.4646364905650977   0.2970949839429586  -0.8341747431751233
   0.4552327336510286   0.2664326767325829  -0.8495744740643534
   0.3464483013975794   0.4433209532613729  -0.8267043648476519
   0.4099740490012781   0.4099738656802562  -0.8147654316456269
   0.4484327917468759   0.3736389014516946  -0.8119741391251781
   0.4527276184334534   0.3497678186413881  -0.8201830140587029
   0.2970951350886314   0.4646363477240903  -0.8341747689065441
   0.3736387213252655   0.4484329633485057  -0.8119741272410705
   0.4286985095750515   0.4286983385625049  -0.7952580225322329
   0.4468861038668188   0.4144268239185820  -0.7928071756659947
   0.2664325619915053   0.4552328350713306  -0.8495744557033018
   0.3497679668595226   0.4527274865685302  -0.8201830236381984
   0.4144266826084285   0.4468862356093570  -0.7928071752734527
   0.4433498547449907   0.4433497492489005  -0.7790262551021839
   0.3919877007100954   0.3919875922127781  -0.8322808240271079
   0.4088983843393703   0.3572328488354953  -0.8397540133857823
   0.4026964639740666   0.3243705453560753  -0.8559318356085288
   0.3726090252597959   0.3042950971820851  -0.8766795355920487
   0.3572327146610109   0.4088985226682441  -0.8397540031078461
   0.3888722507566155   0.3888720873148426  -0.8351987022851997
   0.3979042329554499   0.3700296041799053  -0.8394940818294063
   0.3803912058821095   0.3610925995152961  -0.8514192064211616
   0.3243706773973452   0.4026963293871459  -0.8559318488892133
   0.3700294424680166   0.3979043923930021  -0.8394940775378733
   0.3964114404366826   0.3964112809346552  -0.8280797463038569
   0.3930985826699268   0.4004086496571931  -0.8277357172326189
   0.3042949951258523   0.3726091240131065  -0.8766795290432776
   0.3610927351981626   0.3803910789809121  -0.8514192055731696
   0.4004085157985774   0.3930987098250729  -0.8277357215982910
   0.4099645451533852   0.4099644424873354  -0.8147749551951300
   0.4099645451533855   0.4099644424873357  -0.8147749551951300
   0.4004085157985777   0.3930987098250732  -0.8277357215982909
   0.3610927351981626   0.3803910789809120  -0.8514192055731695
   0.3042949951258522   0.3726091240131062  -0.8766795290432778
   0.3930985826699268   0.4004086496571931  -0.8277357172326190
   0.3964114404366828   0.3964112809346549  -0.8280797463038569
   0.3700294424680166   0.3979043923930017  -0.8394940775378733
   0.3243706773973454   0.4026963293871452  -0.8559318488892133
   0.3803912058821096   0.3610925995152962  -0.8514192064211615
   0.3979042329554501   0.3700296041799055  -0.8394940818294059
   0.3888722507566158   0.3888720873148422  -0.8351987022851995
   0.3572327146610110   0.4088985226682438  -0.8397540031078462
   0.3726090252597959   0.3042950971820853  -0.8766795355920486
   0.4026964639740668   0.3243705453560756  -0.8559318356085285
   0.4088983843393703   0.3572328488354951  -0.8397540133857824
   0.3919877007100955   0.3919875922127776  -0.8322808240271079
   0.4433498547449911   0.4433497492489005  -0.7790262551021836
   0.4144266826084287   0.4468862356093572  -0.7928071752734526
   0.3497679668595228   0.4527274865685299  -0.8201830236381984
   0.2664325619915052   0.4552328350713303  -0.8495744557033020
   0.4468861038668191   0.4144268239185820  -0.7928071756659946
   0.4286985095750517   0.4286983385625047  -0.7952580225322328
   0.3736387213252659   0.4484329633485056  -0.8119741272410707
   0.2970951350886316   0.4646363477240895  -0.8341747689065444
   0.4527276184334536   0.3497678186413882  -0.8201830140587028
   0.4484327917468764   0.3736389014516948  -0.8119741391251777
   0.4099740490012789   0.4099738656802556  -0.8147654316456269
   0.3464483013975800   0.4433209532613724  -0.8267043648476521
   0.4552327336510287   0.2664326767325831  -0.8495744740643533
   0.4646364905650983   0.2970949839429589  -0.8341747431751229
   0.4433207994293213   0.3464484573822488  -0.8267043819714562
   0.3965151027082258   0.3965149780263971  -0.8279804620430429
  
  -4.9999999999999975E-02
  
   0.3315421080735899   0.3315422781072409  -0.8832664085096756
   0.3826850615842801   0.2873310101234987  -0.8780620902086854
   0.4122836886486937   0.2435549411217222  -0.8778970046249284
   0.4118770883367993   0.2164860200813959  -0.8851503076949800
   0.2873311798472667   0.3826848897980309  -0.8780621095388679
   0.3550651601796443   0.3550653445341934  -0.8647874496877357
   0.4013963207470602   0.3234081871157443  -0.8569061431669346
   0.4138592790642477   0.3018845360608618  -0.8588284019638261
   0.2435547776523088   0.4122838483489259  -0.8778969749767532
   0.3234083682883804   0.4013961466895032  -0.8569061563227715
   0.3854325281380844   0.3854326993571301  -0.8383814170885235
   0.4108137488974173   0.3723296254090132  -0.8322275612833510
   0.2164861733003963   0.4118769502313152  -0.8851503344844319
   0.3018843746977976   0.4138594222417841  -0.8588283896885434
   0.3723297803771840   0.4108136057719879  -0.8322275626034596
   0.4074727942321004   0.4074729323683435  -0.8172709045034136
   0.3375016231833136   0.3375017689488622  -0.8787406957146217
   0.3542963544989217   0.3062335517104559  -0.8835695247096146
   0.3516515851341652   0.2761431112344038  -0.8944753461054211
   0.3273448066888484   0.2571612026223666  -0.9092378640376008
   0.3062336970420114   0.3542962017717894  -0.8835695355805705
   0.3372765771322685   0.3372767400045587  -0.8789134833246321
   0.3492858396124943   0.3205048304517008  -0.8804976183405163
   0.3367695407561255   0.3118380808650274  -0.8884499354163550
   0.2761429688450229   0.3516517335211342  -0.8944753317275096
   0.3205049924049969   0.3492856794397253  -0.8804976229279682
   0.3490955408099102   0.3490956994942059  -0.8696346911095989
   0.3499875314513440   0.3526196519981071  -0.8678525847477373
   0.2571613399526707   0.3273446731128197  -0.9092378732864179
   0.3118379326633960   0.3367696778050759  -0.8884499354849911
   0.3526197989071271   0.3499873938487463  -0.8678525805490583
   0.3657229474353462   0.3657230832099974  -0.8558582546932503
   0.3657229474353460   0.3657230832099978  -0.8558582546932503
   0.3526197989071269   0.3499873938487466  -0.8678525805490584
   0.3118379326633955   0.3367696778050756  -0.8884499354849913
   0.2571613399526709   0.3273446731128188  -0.9092378732864181
   0.3499875314513438   0.3526196519981077  -0.8678525847477370
   0.3490955408099100   0.3490956994942062  -0.8696346911095989
   0.3205049924049969   0.3492856794397248  -0.8804976229279682
   0.2761429688450227   0.3516517335211337  -0.8944753317275097
   0.3367695407561249   0.3118380808650280  -0.8884499354163549
   0.3492858396124938   0.3205048304517006  -0.8804976183405165
   0.3372765771322686   0.3372767400045584  -0.8789134833246321
   0.3062336970420116   0.3542962017717887  -0.8835695355805706
   0.3273448066888481   0.2571612026223672  -0.9092378640376007
   0.3516515851341656   0.2761431112344041  -0.8944753461054208
   0.3542963544989219   0.3062335517104554  -0.8835695247096146
   0.3375016231833143   0.3375017689488620  -0.8787406957146217
   0.4074727942321001   0.4074729323683443  -0.8172709045034136
   0.3723297803771839   0.4108136057719883  -0.8322275626034598
   0.3018843746977976   0.4138594222417841  -0.8588283896885435
   0.2164861733003965   0.4118769502313144  -0.8851503344844323
   0.4108137488974171   0.3723296254090137  -0.8322275612833510
   0.3854325281380843   0.3854326993571307  -0.8383814170885234
   0.3234083682883805   0.4013961466895029  -0.8569061563227715
   0.2435547776523088   0.4122838483489257  -0.8778969749767533
   0.4138592790642474   0.3018845360608622  -0.8588284019638263
   0.4013963207470602   0.3234081871157444  -0.8569061431669345
   0.3550651601796451   0.3550653445341935  -0.8647874496877352
   0.2873311798472672   0.3826848897980306  -0.8780621095388679
   0.4118770883367991   0.2164860200813963  -0.8851503076949800
   0.4122836886486941   0.2435549411217226  -0.8778970046249279
   0.3826850615842807   0.2873310101234985  -0.8780620902086851
   0.3315421080735906   0.3315422781072407  -0.8832664085096754
  
  -0.1500000000000000
  
  -0.1000551239281892  -0.1000563654694621  -0.9899382283277862
  -3.8151034259779885E-02  -0.1066162433246462  -0.9935680526487598
   3.8184407622695843E-02  -0.1066192804039809  -0.9935664447135084
   0.1000858997091175  -0.1000574704955166  -0.9899350055824148
  -0.1066178239343393  -3.8149273592499443E-02  -0.9935679506424666
  -4.0715267269109290E-02  -4.0717195001492505E-02  -0.9983408120689123
   4.0749175303359676E-02  -4.0715073582295556E-02  -0.9983395151426613
   0.1066486763442843  -3.8152562384639856E-02  -0.9935645131633366
  -0.1066177235806327   3.8182677996540931E-02  -0.9935666782453487
  -4.0716966638661832E-02   4.0751068362509135E-02  -0.9983393606660314
   4.0750874540531744E-02   4.0748946822437390E-02  -0.9983380637624931
   0.1066485758655280   3.8185966468066032E-02  -0.9935632406801062
  -0.1000586291152759   0.1000870583539990  -0.9899347713307250
  -3.8150832778420914E-02   0.1066471196296892  -0.9935647466738159
   3.8184205831469836E-02   0.1066501565620094  -0.9935631386732896
   0.1000894045631245   0.1000881630626180  -0.9899315484966372
  -3.4710074029147893E-02  -3.4711184125986928E-02  -0.9987944455479632
  -1.3779494143341097E-02  -3.6047838466716005E-02  -0.9992550619751852
   1.3809789627580045E-02  -3.6050828468865280E-02  -0.9992545358801983
   3.4738658395129254E-02  -3.4712979175438696E-02  -0.9987933893902543
  -3.6049233259060100E-02  -1.3777924098263235E-02  -0.9992550333068012
  -1.4383851352982922E-02  -1.4385539333962461E-02  -0.9997930591269006
   1.4414072398808280E-02  -1.4383798231165231E-02  -0.9997926489354316
   3.6077478445054302E-02  -1.3781152447213396E-02  -0.9992539694123178
  -3.6049448988425527E-02   1.3808242071853752E-02  -0.9992546070339210
  -1.4385453356628839E-02   1.4415727516347173E-02  -0.9997926012588304
   1.4415674360749009E-02   1.4413986374844737E-02  -0.9997921910724801
   3.6077694132451085E-02   1.3811470321075383E-02  -0.9992535430378295
  -3.4714019363038889E-02   3.4739698583973438E-02  -0.9987933170591188
  -1.3779604905947877E-02   3.6076098987400773E-02  -0.9992540405574988
   1.3809900293418982E-02   3.6079088942139889E-02  -0.9992535143771029
   3.4742603617545047E-02   3.4741493525773028E-02  -0.9987922607436809
   3.4742603617545109E-02   3.4741493525773090E-02  -0.9987922607436809
   1.3809900293419036E-02   3.6079088942139854E-02  -0.9992535143771029
  -1.3779604905947953E-02   3.6076098987400551E-02  -0.9992540405574987
  -3.4714019363038785E-02   3.4739698583973022E-02  -0.9987933170591188
   3.6077694132451217E-02   1.3811470321075702E-02  -0.9992535430378295
   1.4415674360749146E-02   1.4413986374844886E-02  -0.9997921910724802
  -1.4385453356628707E-02   1.4415727516346970E-02  -0.9997926012588305
  -3.6049448988425464E-02   1.3808242071853350E-02  -0.9992546070339210
   3.6077478445054385E-02  -1.3781152447212924E-02  -0.9992539694123177
   1.4414072398808401E-02  -1.4383798231164971E-02  -0.9997926489354316
  -1.4383851352982785E-02  -1.4385539333962586E-02  -0.9997930591269008
  -3.6049233259059982E-02  -1.3777924098263585E-02  -0.9992550333068013
   3.4738658395129234E-02  -3.4712979175438273E-02  -0.9987933893902543
   1.3809789627580171E-02  -3.6050828468865002E-02  -0.9992545358801983
  -1.3779494143340905E-02  -3.6047838466715963E-02  -0.9992550619751852
  -3.4710074029147733E-02  -3.4711184125987053E-02  -0.9987944455479630
   0.1000894045631244   0.1000881630626182  -0.9899315484966371
   3.8184205831469954E-02   0.1066501565620095  -0.9935631386732896
  -3.8150832778420865E-02   0.1066471196296889  -0.9935647466738158
  -0.1000586291152757   0.1000870583539986  -0.9899347713307252
   0.1066485758655282   3.8185966468066296E-02  -0.9935632406801060
   4.0750874540532014E-02   4.0748946822437487E-02  -0.9983380637624931
  -4.0716966638661541E-02   4.0751068362508934E-02  -0.9983393606660312
  -0.1066177235806325   3.8182677996540591E-02  -0.9935666782453486
   0.1066486763442846  -3.8152562384639585E-02  -0.9935645131633366
   4.0749175303360051E-02  -4.0715073582295369E-02  -0.9983395151426613
  -4.0715267269108943E-02  -4.0717195001492630E-02  -0.9983408120689125
  -0.1066178239343390  -3.8149273592499630E-02  -0.9935679506424666
   0.1000858997091178  -0.1000574704955164  -0.9899350055824147
   3.8184407622696190E-02  -0.1066192804039807  -0.9935664447135083
  -3.8151034259779455E-02  -0.1066162433246463  -0.9935680526487598
  -0.1000551239281890  -0.1000563654694622  -0.9899382283277863
  
  -0.2500000000000000
  
  -9.3223529641091818E-02  -9.3223038713350428E-02  -0.9912713243982728
  -3.5282500305092668E-02  -9.9796705898594670E-02  -0.9943821009370646
   3.5295707337803628E-02  -9.9796551694309621E-02  -0.9943816477155284
   9.3235723640329365E-02  -9.3224453428653292E-02  -0.9912700444985680
  -9.9796091496462180E-02  -3.5283175270718274E-02  -0.9943821386493452
  -3.7815642636836053E-02  -3.7814924071000372E-02  -0.9985689804362379
   3.7829023563275076E-02  -3.7815673975557754E-02  -0.9985684452144598
   9.9808338641004260E-02  -3.5282984439315268E-02  -0.9943809162221375
  -9.9797153612260298E-02   3.5296363546283842E-02  -0.9943815640141864
  -3.7814950978429421E-02   3.7828300412620697E-02  -0.9985684999890551
   3.7828331733159741E-02   3.7829050452158543E-02  -0.9985679647676337
   9.9809400622869901E-02   3.5296172482201155E-02  -0.9943803415974243
  -9.3223972526946308E-02   9.3235242606216781E-02  -0.9912701349695021
  -3.5283640464359042E-02   9.9808940463266549E-02  -0.9943808325381086
   3.5296847629797644E-02   9.9808786325700713E-02  -0.9943803792913402
   9.3236166320094432E-02   9.3236657383023641E-02  -0.9912688550589958
  -3.2124681389456504E-02  -3.2124244272259836E-02  -0.9989674858450409
  -1.2704384937215128E-02  -3.3545233461720510E-02  -0.9993564508799480
   1.2716426776044938E-02  -3.3545205982446986E-02  -0.9993562986471065
   3.2136043607740750E-02  -3.2125813628109012E-02  -0.9989670699277196
  -3.3544692316518195E-02  -1.2704985797018172E-02  -0.9993564614056826
  -1.3331430864663610E-02  -1.3330800886845630E-02  -0.9998222655546415
   1.3343429989060044E-02  -1.3331501969166590E-02  -0.9998220961407950
   3.3555940787797785E-02  -1.2704922204117427E-02  -0.9993560845812833
  -3.3545743442090256E-02   1.2717014463943556E-02  -0.9993562731278777
  -1.3330867583340761E-02   1.3342795547506874E-02  -0.9998221130663458
   1.3342866650027716E-02   1.3343496682525116E-02  -0.9998219436508897
   3.3556991790884658E-02   1.2716950771605080E-02  -0.9993558962977199
  -3.2125374616321332E-02   3.2135604520031252E-02  -0.9989670981708522
  -1.2705509802594151E-02   3.3556478136007734E-02  -0.9993560590679198
   1.2717551720977426E-02   3.3556450759050629E-02  -0.9993559068173259
   3.2136736737361324E-02   3.2137173930607367E-02  -0.9989666822290058
   3.2136736737361386E-02   3.2137173930607416E-02  -0.9989666822290058
   1.2717551720977464E-02   3.3556450759050602E-02  -0.9993559068173259
  -1.2705509802594241E-02   3.3556478136007574E-02  -0.9993560590679198
  -3.2125374616321298E-02   3.2135604520030975E-02  -0.9989670981708522
   3.3556991790884790E-02   1.2716950771605359E-02  -0.9993558962977199
   1.3342866650027874E-02   1.3343496682525260E-02  -0.9998219436508897
  -1.3330867583340648E-02   1.3342795547506737E-02  -0.9998221130663458
  -3.3545743442090194E-02   1.2717014463943285E-02  -0.9993562731278777
   3.3555940787797861E-02  -1.2704922204116956E-02  -0.9993560845812833
   1.3343429989060161E-02  -1.3331501969166314E-02  -0.9998220961407951
  -1.3331430864663469E-02  -1.3330800886845665E-02  -0.9998222655546415
  -3.3544692316518104E-02  -1.2704985797018382E-02  -0.9993564614056827
   3.2136043607740757E-02  -3.2125813628108603E-02  -0.9989670699277196
   1.2716426776045075E-02  -3.3545205982446639E-02  -0.9993562986471065
  -1.2704384937214944E-02  -3.3545233461720426E-02  -0.9993564508799480
  -3.2124681389456330E-02  -3.2124244272259857E-02  -0.9989674858450409
   9.3236166320094391E-02   9.3236657383023905E-02  -0.9912688550589958
   3.5296847629797748E-02   9.9808786325700810E-02  -0.9943803792913402
  -3.5283640464359091E-02   9.9808940463266466E-02  -0.9943808325381086
  -9.3223972526946128E-02   9.3235242606216573E-02  -0.9912701349695021
   9.9809400622870109E-02   3.5296172482201495E-02  -0.9943803415974243
   3.7828331733160060E-02   3.7829050452158737E-02  -0.9985679647676337
  -3.7814950978429192E-02   3.7828300412620662E-02  -0.9985684999890551
  -9.9797153612260048E-02   3.5296363546283759E-02  -0.9943815640141864
   9.9808338641004593E-02  -3.5282984439314900E-02  -0.9943809162221375
   3.7829023563275416E-02  -3.7815673975557518E-02  -0.9985684452144598
  -3.7815642636835699E-02  -3.7814924071000330E-02  -0.9985689804362379
  -9.9796091496461903E-02  -3.5283175270718274E-02  -0.9943821386493452
   9.3235723640329546E-02  -9.3224453428653098E-02  -0.9912700444985679
   3.5295707337803975E-02  -9.9796551694309316E-02  -0.9943816477155284
  -3.5282500305092244E-02  -9.9796705898594532E-02  -0.9943821009370647
  -9.3223529641091568E-02  -9.3223038713350290E-02  -0.9912713243982727
  
  -0.3500000000000000
  
  -8.7244326488159371E-02  -8.7244947397855294E-02  -0.9923591822768473
  -3.2783487136271647E-02  -9.3809264447082666E-02  -0.9950502825863039
   3.2791684397940488E-02  -9.3809791029417416E-02  -0.9950499628367225
   8.7251941919490206E-02  -8.7245295227350153E-02  -0.9923584821484474
  -9.3810043381221536E-02  -3.2782602646519401E-02  -0.9950502382917827
  -3.5278967130398201E-02  -3.5279906329986496E-02  -0.9987545858155343
   3.5287275548601338E-02  -3.5279611050221080E-02  -0.9987543027334111
   9.3817670776278977E-02  -3.2783177817091044E-02  -0.9950495002271630
  -9.3809021208030433E-02   3.2790813565627470E-02  -0.9950500641101913
  -3.5280523794440175E-02   3.5288188345624041E-02  -0.9987542382408566
   3.5288832259694682E-02   3.5287893000501190E-02  -0.9987539551487805
   9.3816648628411561E-02   3.2791388780243243E-02  -0.9950493260446922
  -8.7245870689593163E-02   8.7252517420171621E-02  -0.9923583809549136
  -3.2782307046876312E-02   9.3816900959122068E-02  -0.9950496014968855
   3.2790504225877301E-02   9.3817427490777816E-02  -0.9950492817602681
   8.7253486137991595E-02   8.7252865167579741E-02  -0.9923576808171616
  -2.9871250500608550E-02  -2.9871808267598440E-02  -0.9991072932695235
  -1.1768504357631136E-02  -3.1354335523295092E-02  -0.9994390466402028
   1.1776012283987546E-02  -3.1354865240480992E-02  -0.9994389415869479
   2.9878361082866300E-02  -2.9872295150091922E-02  -0.9991070660952548
  -3.1355023545819698E-02  -1.1767713006807758E-02  -0.9994390343732981
  -1.2407958508672386E-02  -1.2408784354952438E-02  -0.9998460204633909
   1.2415451001125535E-02  -1.2408550245176449E-02  -0.9998459303598987
   3.1362056261511284E-02  -1.1768290014426537E-02  -0.9994388069197564
  -3.1354184716182190E-02   1.1775231605366471E-02  -0.9994389721345789
  -1.2409349364224956E-02   1.2416250142794519E-02  -0.9998459105185900
   1.2416841875966358E-02   1.2416016011098567E-02  -0.9998458204064462
   3.1361217470705784E-02   1.1775808642475528E-02  -0.9994387446810190
  -2.9872807837549035E-02   2.9878873798437126E-02  -0.9991070354333603
  -1.1767509365205967E-02   3.1361375772511732E-02  -0.9994388374648020
   1.1775017256633748E-02   3.1361905444157498E-02  -0.9994387324171090
   2.9879918439800108E-02   2.9879360642702159E-02  -0.9991068082450516
   2.9879918439800150E-02   2.9879360642702156E-02  -0.9991068082450516
   1.1775017256633777E-02   3.1361905444157456E-02  -0.9994387324171090
  -1.1767509365205991E-02   3.1361375772511552E-02  -0.9994388374648021
  -2.9872807837548927E-02   2.9878873798436817E-02  -0.9991070354333603
   3.1361217470705888E-02   1.1775808642475769E-02  -0.9994387446810190
   1.2416841875966511E-02   1.2416016011098653E-02  -0.9998458204064460
  -1.2409349364224812E-02   1.2416250142794349E-02  -0.9998459105185900
  -3.1354184716182100E-02   1.1775231605366154E-02  -0.9994389721345789
   3.1362056261511291E-02  -1.1768290014426128E-02  -0.9994388069197564
   1.2415451001125634E-02  -1.2408550245176227E-02  -0.9998459303598987
  -1.2407958508672250E-02  -1.2408784354952535E-02  -0.9998460204633909
  -3.1355023545819573E-02  -1.1767713006808041E-02  -0.9994390343732981
   2.9878361082866220E-02  -2.9872295150091543E-02  -0.9991070660952547
   1.1776012283987615E-02  -3.1354865240480721E-02  -0.9994389415869479
  -1.1768504357630988E-02  -3.1354335523295064E-02  -0.9994390466402027
  -2.9871250500608421E-02  -2.9871808267598526E-02  -0.9991072932695235
   8.7253486137991568E-02   8.7252865167579963E-02  -0.9923576808171616
   3.2790504225877357E-02   9.3817427490777788E-02  -0.9950492817602681
  -3.2782307046876263E-02   9.3816900959121874E-02  -0.9950496014968856
  -8.7245870689592914E-02   8.7252517420171274E-02  -0.9923583809549137
   9.3816648628411728E-02   3.2791388780243465E-02  -0.9950493260446922
   3.5288832259694980E-02   3.5287893000501204E-02  -0.9987539551487805
  -3.5280523794439911E-02   3.5288188345623868E-02  -0.9987542382408566
  -9.3809021208030224E-02   3.2790813565627255E-02  -0.9950500641101911
   9.3817670776279158E-02  -3.2783177817090767E-02  -0.9950495002271630
   3.5287275548601615E-02  -3.5279611050220920E-02  -0.9987543027334111
  -3.5278967130397895E-02  -3.5279906329986586E-02  -0.9987545858155343
  -9.3810043381221314E-02  -3.2782602646519568E-02  -0.9950502382917827
   8.7251941919490372E-02  -8.7245295227350042E-02  -0.9923584821484474
   3.2791684397940744E-02  -9.3809791029417139E-02  -0.9950499628367225
  -3.2783487136271362E-02  -9.3809264447082666E-02  -0.9950502825863039
  -8.7244326488159260E-02  -8.7244947397855294E-02  -0.9923591822768473
  
  -0.4500000000000000
  
  -8.1976737846116365E-02  -8.1975780040264137E-02  -0.9932571600239786
  -3.0588300750049466E-02  -8.8515216014132272E-02  -0.9956050483957963
   3.0594232041457201E-02  -8.8515642204938919E-02  -0.9956048282580998
   8.1982266995636696E-02  -8.1975942097536378E-02  -0.9932566902948490
  -8.8514134195772934E-02  -3.0589481610663740E-02  -0.9956051082946308
  -3.3050865267039063E-02  -3.3049537939035013E-02  -0.9989070869440844
   3.3056869193083163E-02  -3.3049250646774879E-02  -0.9989068977791865
   8.8519669124967088E-02  -3.0589932773052615E-02  -0.9956046023351572
  -8.8516696865713715E-02   3.0595387011056685E-02  -0.9956046989993704
  -3.3047929809627168E-02   3.3055548388827953E-02  -0.9989069851873155
   3.3053933774706577E-02   3.3055261052501284E-02  -0.9989067960419372
   8.8522231808103896E-02   3.0595838207719491E-02  -0.9956041930205393
  -8.1975055301608674E-02   8.1981380210869426E-02  -0.9932568366777140
  -3.0591087784332418E-02   8.8520723748738303E-02  -0.9956044730791295
   3.0597019021524615E-02   8.8521149911588271E-02  -0.9956042529264961
   8.1980584476218199E-02   8.1981542223251921E-02  -0.9932563669585184
  -2.7897712281114706E-02  -2.7896854083887951E-02  -0.9992214385118559
  -1.0946919120611801E-02  -2.9425660944956852E-02  -0.9995070262082800
   1.0952373523289585E-02  -2.9426082293356325E-02  -0.9995069540503814
   2.7902884711824179E-02  -2.7897117682361836E-02  -0.9992212867277073
  -2.9424708006725728E-02  -1.0947968534138292E-02  -0.9995070427684313
  -1.1599443116959348E-02  -1.1598282928243969E-02  -0.9998654573253809
   1.1604884189387049E-02  -1.1598048069592292E-02  -0.9998653969129677
   2.9429828969616652E-02  -1.0948413299109786E-02  -0.9995068871263724
  -2.9427011874440231E-02   1.0953401610441824E-02  -0.9995069154164476
  -1.1596893935728863E-02   1.1603730073932188E-02  -0.9998654236943163
   1.1602335023434917E-02   1.1603495199486965E-02  -0.9998653632970589
   2.9432132863196993E-02   1.0953846396426176E-02  -0.9995067597591556
  -2.7896328478030377E-02   2.7902095525552836E-02  -0.9992213307985017
  -1.0949441404137424E-02   2.9430758567421732E-02  -0.9995068484923371
   1.0954895781443486E-02   2.9431179885394003E-02  -0.9995067763196862
   2.7901500927033029E-02   2.7902359100085455E-02  -0.9992211790202752
   2.7901500927033134E-02   2.7902359100085438E-02  -0.9992211790202751
   1.0954895781443531E-02   2.9431179885393972E-02  -0.9995067763196862
  -1.0949441404137495E-02   2.9430758567421597E-02  -0.9995068484923372
  -2.7896328478030322E-02   2.7902095525552586E-02  -0.9992213307985016
   2.9432132863197125E-02   1.0953846396426367E-02  -0.9995067597591557
   1.1602335023435049E-02   1.1603495199487062E-02  -0.9998653632970589
  -1.1596893935728766E-02   1.1603730073932072E-02  -0.9998654236943164
  -2.9427011874440214E-02   1.0953401610441602E-02  -0.9995069154164478
   2.9429828969616711E-02  -1.0948413299109463E-02  -0.9995068871263725
   1.1604884189387139E-02  -1.1598048069592096E-02  -0.9998653969129676
  -1.1599443116959256E-02  -1.1598282928244035E-02  -0.9998654573253808
  -2.9424708006725666E-02  -1.0947968534138501E-02  -0.9995070427684312
   2.7902884711824134E-02  -2.7897117682361517E-02  -0.9992212867277073
   1.0952373523289640E-02  -2.9426082293356085E-02  -0.9995069540503814
  -1.0946919120611688E-02  -2.9425660944956831E-02  -0.9995070262082800
  -2.7897712281114609E-02  -2.7896854083887982E-02  -0.9992214385118559
   8.1980584476218255E-02   8.1981542223252130E-02  -0.9932563669585184
   3.0597019021524723E-02   8.8521149911588340E-02  -0.9956042529264961
  -3.0591087784332428E-02   8.8520723748738109E-02  -0.9956044730791295
  -8.1975055301608535E-02   8.1981380210869231E-02  -0.9932568366777140
   8.8522231808104049E-02   3.0595838207719613E-02  -0.9956041930205393
   3.3053933774706785E-02   3.3055261052501325E-02  -0.9989067960419372
  -3.3047929809626987E-02   3.3055548388827835E-02  -0.9989069851873157
  -8.8516696865713576E-02   3.0595387011056543E-02  -0.9956046989993704
   8.8519669124967310E-02  -3.0589932773052435E-02  -0.9956046023351572
   3.3056869193083448E-02  -3.3049250646774712E-02  -0.9989068977791865
  -3.3050865267038848E-02  -3.3049537939035076E-02  -0.9989070869440844
  -8.8514134195772781E-02  -3.0589481610663789E-02  -0.9956051082946309
   8.1982266995636849E-02  -8.1975942097536281E-02  -0.9932566902948490
   3.0594232041457385E-02  -8.8515642204938669E-02  -0.9956048282580999
  -3.0588300750049230E-02  -8.8515216014132286E-02  -0.9956050483957963
  -8.1976737846116296E-02  -8.1975780040264096E-02  -0.9932571600239786
  
  -0.9500000000000000
  
  -6.2900753117164615E-02  -6.2900016348628060E-02  -0.9960356836984485
  -2.2750939765527948E-02  -6.9164986217562702E-02  -0.9973457772614821
   2.2753403998318499E-02  -6.9165909599078951E-02  -0.9973456570095552
   6.2903111019464358E-02  -6.2899379856106580E-02  -0.9960355749860496
  -6.9164172184568426E-02  -2.2751820309276326E-02  -0.9973458136266669
  -2.5016195593355335E-02  -2.5015180964435405E-02  -0.9993740194138288
   2.5018691450034609E-02  -2.5014101711800851E-02  -0.9993739839487917
   6.9166497447371980E-02  -2.2752816782686491E-02  -0.9973456296386505
  -6.9166710079543101E-02   2.2754271911432318E-02  -0.9973455816950078
  -2.5013093581954290E-02   2.5017683296299938E-02  -0.9993740344195193
   2.5015589446398992E-02   2.5016604051120106E-02  -0.9993739989645513
   6.9169035351192606E-02   2.2755268400718554E-02  -0.9973453976976064
  -6.2898695798787305E-02   6.2902426915655285E-02  -0.9960356613871476
  -2.2753684709576522E-02   6.9167297843154937E-02  -0.9973455543296985
   2.2756148957807334E-02   6.9168221234364086E-02  -0.9973454340677979
   6.2901053721760178E-02   6.2901790443168640E-02  -0.9960355526785858
  -2.0845821470975925E-02  -2.0845162399748575E-02  -0.9995653710146868
  -8.0396745541308386E-03  -2.2457953242763274E-02  -0.9997154615035269
   8.0419770672476524E-03  -2.2458781898668605E-02  -0.9997154243685938
   2.0848049976337390E-02  -2.0844633522612652E-02  -0.9995653355661611
  -2.2457235526724784E-02  -8.0404570716150290E-03  -0.9997154713330072
  -8.6941816231394138E-03  -8.6932928324977721E-03  -0.9999244160763514
   8.6964875105317186E-03  -8.6923524085935518E-03  -0.9999244041999293
   2.2459416072914722E-02  -8.0413570319928830E-03  -0.9997154151090938
  -2.2459487725333131E-02   8.0427488128640146E-03  -0.9997154023033998
  -8.6914685732337946E-03   8.6956036764241230E-03  -0.9999244195691707
   8.6937744601654297E-03   8.6946632519782612E-03  -0.9999244077011874
   2.2461668273461834E-02   8.0436487730801386E-03  -0.9997153460724649
  -2.0844023317822244E-02   2.0847439763914420E-02  -0.9995653610180857
  -8.0421287749224968E-03   2.2460121883084491E-02  -0.9997153930443226
   8.0444312877425324E-03   2.2460950541154202E-02  -0.9997153559018909
   2.0846251827906156E-02   2.0846910891335509E-02  -0.9995653255745801
   2.0846251827906215E-02   2.0846910891335477E-02  -0.9995653255745801
   8.0444312877425775E-03   2.2460950541154143E-02  -0.9997153559018909
  -8.0421287749225488E-03   2.2460121883084404E-02  -0.9997153930443226
  -2.0844023317822178E-02   2.0847439763914219E-02  -0.9995653610180858
   2.2461668273461938E-02   8.0436487730802739E-03  -0.9997153460724650
   8.6937744601655181E-03   8.6946632519783375E-03  -0.9999244077011874
  -8.6914685732337044E-03   8.6956036764240189E-03  -0.9999244195691708
  -2.2459487725333089E-02   8.0427488128638376E-03  -0.9997154023033998
   2.2459416072914715E-02  -8.0413570319926107E-03  -0.9997154151090938
   8.6964875105317568E-03  -8.6923524085934130E-03  -0.9999244041999295
  -8.6941816231393670E-03  -8.6932928324978329E-03  -0.9999244160763514
  -2.2457235526724739E-02  -8.0404570716152216E-03  -0.9997154713330072
   2.0848049976337289E-02  -2.0844633522612410E-02  -0.9995653355661611
   8.0419770672476437E-03  -2.2458781898668408E-02  -0.9997154243685940
  -8.0396745541307883E-03  -2.2457953242763232E-02  -0.9997154615035267
  -2.0845821470975894E-02  -2.0845162399748610E-02  -0.9995653710146868
   6.2901053721760053E-02   6.2901790443168765E-02  -0.9960355526785858
   2.2756148957807389E-02   6.9168221234364086E-02  -0.9973454340677980
  -2.2753684709576547E-02   6.9167297843154840E-02  -0.9973455543296985
  -6.2898695798787166E-02   6.2902426915655105E-02  -0.9960356613871475
   6.9169035351192690E-02   2.2755268400718634E-02  -0.9973453976976064
   2.5015589446399127E-02   2.5016604051120137E-02  -0.9993739989645511
  -2.5013093581954152E-02   2.5017683296299800E-02  -0.9993740344195193
  -6.9166710079542990E-02   2.2754271911432204E-02  -0.9973455816950078
   6.9166497447372077E-02  -2.2752816782686352E-02  -0.9973456296386506
   2.5018691450034786E-02  -2.5014101711800834E-02  -0.9993739839487917
  -2.5016195593355179E-02  -2.5015180964435429E-02  -0.9993740194138286
  -6.9164172184568357E-02  -2.2751820309276412E-02  -0.9973458136266667
   6.2903111019464386E-02  -6.2899379856106594E-02  -0.9960355749860494
   2.2753403998318572E-02  -6.9165909599078770E-02  -0.9973456570095554
  -2.2750939765527823E-02  -6.9164986217562729E-02  -0.9973457772614821
  -6.2900753117164615E-02  -6.2900016348628032E-02  -0.9960356836984485
