  
   1.0000000000000000
  
   0.5788350973425963   0.5788351650566715   0.5743690292644641
   0.5812432004542247   0.5776632205157657   0.5731156476568090
   0.5649256417238461   0.5858433190257897   0.5810736828283892
   0.5289443338721102   0.6026584069620633   0.5975121222055148
   0.5776633027638483   0.5812431162921329   0.5731156501117141
   0.5865405089536269   0.5865406134307688   0.5585161950675002
   0.5744267508534856   0.6017571799808459   0.5549073834843139
   0.5412189045340590   0.6259235730755427   0.5615173889055429
   0.5858432348941740   0.5649257305466332   0.5810736812961699
   0.6017572864788493   0.5744266406362699   0.5549073820890670
   0.5958001697851995   0.5958002820577918   0.5385575007218667
   0.5671177917327755   0.6259757554141847   0.5352866184893667
   0.6026584773395074   0.5289442560466799   0.5975121201164466
   0.6259234847457035   0.5412190005185605   0.5615173948520968
   0.6259758480743318   0.5671176940960843   0.5352866135732903
   0.6028253849655780   0.6028254671647054   0.5226882544870866
   0.5779169643594551   0.5779170329199929   0.5762151380921053
   0.5867737683588223   0.5634742209608763   0.5815439339194595
   0.5746107297335193   0.5601563673743042   0.5966970364976986
   0.5413236551210947   0.5671743919622616   0.6207108098853903
   0.5634743033571584   0.5867736858293404   0.5815439373550511
   0.5790870562264993   0.5790871575320812   0.5738608239741947
   0.5723136871477457   0.5825143696307643   0.5771776612768598
   0.5442007177351275   0.5959842125796305   0.5904645604711681
   0.5601562839068042   0.5746108142432993   0.5966970334720731
   0.5825144718039529   0.5723135837865276   0.5771776606491134
   0.5825407625416978   0.5825408666239493   0.5668266037249444
   0.5602377828035674   0.6020318386497566   0.5689387418442658
   0.5671744614592116   0.5413235834382942   0.6207108088973298
   0.5959841280777748   0.5442008048777142   0.5904645654481078
   0.6020319242820618   0.5602376953454720   0.5689387373515991
   0.5861804801591616   0.5861805536341522   0.5592716721071556
   0.5861804801591617   0.5861805536341519   0.5592716721071556
   0.6020319242820620   0.5602376953454721   0.5689387373515987
   0.5959841280777746   0.5442008048777143   0.5904645654481079
   0.5671744614592114   0.5413235834382943   0.6207108088973299
   0.5602377828035676   0.6020318386497570   0.5689387418442654
   0.5825407625416980   0.5825408666239497   0.5668266037249442
   0.5825144718039530   0.5723135837865281   0.5771776606491129
   0.5601562839068039   0.5746108142432997   0.5966970334720730
   0.5442007177351277   0.5959842125796304   0.5904645604711682
   0.5723136871477460   0.5825143696307642   0.5771776612768595
   0.5790870562264997   0.5790871575320811   0.5738608239741945
   0.5634743033571588   0.5867736858293404   0.5815439373550508
   0.5413236551210951   0.5671743919622614   0.6207108098853902
   0.5746107297335200   0.5601563673743043   0.5966970364976981
   0.5867737683588224   0.5634742209608766   0.5815439339194590
   0.5779169643594552   0.5779170329199934   0.5762151380921048
   0.6028253849655779   0.6028254671647055   0.5226882544870866
   0.6259758480743325   0.5671176940960844   0.5352866135732898
   0.6259234847457031   0.5412190005185605   0.5615173948520970
   0.6026584773395075   0.5289442560466805   0.5975121201164461
   0.5671177917327758   0.6259757554141850   0.5352866184893662
   0.5958001697851996   0.5958002820577917   0.5385575007218663
   0.6017572864788496   0.5744266406362704   0.5549073820890663
   0.5858432348941742   0.5649257305466336   0.5810736812961688
   0.5412189045340594   0.6259235730755430   0.5615173889055423
   0.5744267508534857   0.6017571799808460   0.5549073834843138
   0.5865405089536270   0.5865406134307689   0.5585161950674998
   0.5776633027638483   0.5812431162921334   0.5731156501117133
   0.5289443338721102   0.6026584069620633   0.5975121222055145
   0.5649256417238461   0.5858433190257899   0.5810736828283889
   0.5812432004542247   0.5776632205157660   0.5731156476568089
   0.5788350973425961   0.5788351650566722   0.5743690292644638
  
   0.5000000000000000
  
   0.5786907953232899   0.5786906458488899   0.5746599862658727
   0.5803676179457103   0.5778933778119647   0.5737705742900204
   0.5583086369777434   0.5888302808529835   0.5844402161270653
   0.5129851812622670   0.6093707391310480   0.6045771299811126
   0.5778932096797312   0.5803677913160190   0.5737705682666410
   0.5874482202376616   0.5874480168909195   0.5566052604768750
   0.5712140445647177   0.6073174195515093   0.5521594581290014
   0.5302714226979955   0.6367883841050180   0.5597434878038010
   0.5888304549568676   0.5583084498359027   0.5844402194896581
   0.6073172119860891   0.5712142611867620   0.5521594623315851
   0.5995082223548522   0.5995080005903545   0.5302641309357824
   0.5650916319507179   0.6368458612628231   0.5244986143849070
   0.6093705801301932   0.5129853588569925   0.6045771395530551
   0.6367885689195899   0.5302712197874234   0.5597434697774498
   0.6368456682719977   0.5650918370753280   0.5244986277141472
   0.6095656326287979   0.6095654444258598   0.5068132875919470
   0.5781841161536720   0.5781839630354820   0.5756791056797020
   0.5877088724409734   0.5612045805995123   0.5827930164031524
   0.5714221916213335   0.5570982366912599   0.6025929252805422
   0.5303776292349937   0.5651465155772580   0.6319090016275695
   0.5612044107289176   0.5877090433405490   0.5827930076400585
   0.5789889342647591   0.5789887361485507   0.5740591062008008
   0.5698696098035162   0.5835723301529205   0.5785256807629882
   0.5356954835239319   0.5997139580769955   0.5944522835515770
   0.5570984105292688   0.5714220133890566   0.6025929335796754
   0.5835721304633725   0.5698698124889617   0.5785256825416103
   0.5836094435706988   0.5836092387677614   0.5646240110020238
   0.5571944343175995   0.6076341203699377   0.5659639017885701
   0.5651463576882098   0.5303777924953532   0.6319090058066161
   0.5997141356897591   0.5356953004164605   0.5944522693754336
   0.6076339422273688   0.5571946167030427   0.5659639134877561
   0.5892205909743460   0.5892204243823761   0.5528457168708961
   0.5892205909743461   0.5892204243823760   0.5528457168708962
   0.6076339422273684   0.5571946167030429   0.5659639134877562
   0.5997141356897591   0.5356953004164604   0.5944522693754337
   0.5651463576882094   0.5303777924953533   0.6319090058066165
   0.5571944343175993   0.6076341203699380   0.5659639017885700
   0.5836094435706985   0.5836092387677615   0.5646240110020239
   0.5835721304633726   0.5698698124889618   0.5785256825416104
   0.5570984105292687   0.5714220133890570   0.6025929335796752
   0.5356954835239323   0.5997139580769952   0.5944522835515768
   0.5698696098035160   0.5835723301529205   0.5785256807629884
   0.5789889342647593   0.5789887361485506   0.5740591062008008
   0.5612044107289178   0.5877090433405489   0.5827930076400585
   0.5303776292349941   0.5651465155772576   0.6319090016275697
   0.5714221916213333   0.5570982366912601   0.6025929252805423
   0.5877088724409736   0.5612045805995123   0.5827930164031523
   0.5781841161536723   0.5781839630354820   0.5756791056797018
   0.6095656326287980   0.6095654444258597   0.5068132875919469
   0.6368456682719975   0.5650918370753285   0.5244986277141472
   0.6367885689195898   0.5302712197874233   0.5597434697774503
   0.6093705801301932   0.5129853588569927   0.6045771395530551
   0.5650916319507179   0.6368458612628234   0.5244986143849067
   0.5995082223548521   0.5995080005903543   0.5302641309357827
   0.6073172119860893   0.5712142611867618   0.5521594623315853
   0.5888304549568677   0.5583084498359027   0.5844402194896577
   0.5302714226979957   0.6367883841050180   0.5597434878038008
   0.5712140445647176   0.6073174195515095   0.5521594581290016
   0.5874482202376622   0.5874480168909190   0.5566052604768750
   0.5778932096797315   0.5803677913160187   0.5737705682666412
   0.5129851812622669   0.6093707391310480   0.6045771299811127
   0.5583086369777432   0.5888302808529837   0.5844402161270652
   0.5803676179457107   0.5778933778119644   0.5737705742900205
   0.5786907953232900   0.5786906458488897   0.5746599862658724
  
   0.4000000000000000
  
   0.5786384864659351   0.5786384620374162   0.5747651974775315
   0.5800285678417044   0.5779891851964359   0.5740168658527911
   0.5563365214862742   0.5896915170221445   0.5854516116748456
   0.5085039675811871   0.6111814979047672   0.6065318553654673
   0.5779891504457001   0.5800286031869538   0.5740168651285857
   0.5876301244418992   0.5876300764386067   0.5562209364210912
   0.5702365972607067   0.6087839389617780   0.5515544749222081
   0.5272560724839959   0.6396206640288586   0.5593625301859546
   0.5896915511851775   0.5563364854288141   0.5854516115286849
   0.6087838904285230   0.5702366482541597   0.5515544757705932
   0.6004544369845993   0.6004543860081399   0.5281183574058903
   0.5645809620104565   0.6396808587037319   0.5215905830662626
   0.6111814745097328   0.5085039947594904   0.6065318561541092
   0.6396206984280961   0.5272560334996774   0.5593625275977482
   0.6396808219085395   0.5645810020122126   0.5215905848932679
   0.6113782028920510   0.6113781746577571   0.5024275276899497
   0.5782829716852483   0.5782829473391492   0.5754803536834467
   0.5878964344633014   0.5606748804608419   0.5831135916487952
   0.5704444650968857   0.5563579263271941   0.6042011006719804
   0.5273630597564353   0.5646338785077205   0.6348832856877391
   0.5606748459016206   0.5878964685560506   0.5831135905057595
   0.5789435453943232   0.5789434990024809   0.5741504996157502
   0.5691664887066432   0.5838525878054633   0.5789349392170197
   0.5334275531666723   0.6006623167439402   0.5955332289355643
   0.5563579601958647   0.5704444312859205   0.6042011014071222
   0.5838525409799455   0.5691665362918521   0.5789349396579867
   0.5838892332401386   0.5838891858197134   0.5640450176972004
   0.5564592307235207   0.6091066485550767   0.5651037207704351
   0.5646338549551201   0.5273630843989446   0.6348832861650654
   0.6006623500356801   0.5334275177702366   0.5955332270621833
   0.6091066139077466   0.5564592669094022   0.5651037224833068
   0.5900895048199937   0.5900894792447270   0.5509889134873601
   0.5900895048199937   0.5900894792447271   0.5509889134873599
   0.6091066139077470   0.5564592669094021   0.5651037224833062
   0.6006623500356800   0.5334275177702369   0.5955332270621833
   0.5646338549551199   0.5273630843989446   0.6348832861650655
   0.5564592307235210   0.6091066485550769   0.5651037207704346
   0.5838892332401391   0.5838891858197131   0.5640450176972002
   0.5838525409799455   0.5691665362918522   0.5789349396579867
   0.5563579601958645   0.5704444312859203   0.6042011014071225
   0.5334275531666727   0.6006623167439400   0.5955332289355643
   0.5691664887066437   0.5838525878054630   0.5789349392170197
   0.5789435453943231   0.5789434990024809   0.5741504996157502
   0.5606748459016203   0.5878964685560506   0.5831135905057598
   0.5273630597564356   0.5646338785077201   0.6348832856877392
   0.5704444650968860   0.5563579263271937   0.6042011006719803
   0.5878964344633013   0.5606748804608417   0.5831135916487956
   0.5782829716852482   0.5782829473391489   0.5754803536834473
   0.6113782028920514   0.6113781746577570   0.5024275276899492
   0.6396808219085400   0.5645810020122123   0.5215905848932675
   0.6396206984280962   0.5272560334996773   0.5593625275977482
   0.6111814745097327   0.5085039947594900   0.6065318561541096
   0.5645809620104569   0.6396808587037317   0.5215905830662622
   0.6004544369845998   0.6004543860081397   0.5281183574058901
   0.6087838904285229   0.5702366482541593   0.5515544757705937
   0.5896915511851775   0.5563364854288138   0.5854516115286851
   0.5272560724839961   0.6396206640288585   0.5593625301859546
   0.5702365972607071   0.6087839389617775   0.5515544749222083
   0.5876301244418992   0.5876300764386061   0.5562209364210916
   0.5779891504457002   0.5800286031869535   0.5740168651285861
   0.5085039675811870   0.6111814979047671   0.6065318553654677
   0.5563365214862740   0.5896915170221440   0.5854516116748462
   0.5800285678417042   0.5779891851964356   0.5740168658527918
   0.5786384864659347   0.5786384620374158   0.5747651974775322
  
   0.3000000000000000
  
   0.5785678875081010   0.5785677067369855   0.5749074780045214
   0.5795867679693294   0.5781043081437134   0.5743470965370551
   0.5540208368303023   0.5906797291367998   0.5866501256666773
   0.5033639660683148   0.6132039964373117   0.6087738302664510
   0.5781040904751666   0.5795869917193623   0.5743470898381746
   0.5877997868731779   0.5877995153408098   0.5558625192589943
   0.5690729097966333   0.6104068849974502   0.5509623018712828
   0.5238261149161157   0.6427519613057320   0.5589956328716020
   0.5906799511531139   0.5540205982385357   0.5866501274466493
   0.6104066098359023   0.5690731989940152   0.5509623080169445
   0.6014860462460430   0.6014857532117800   0.5257655607345929
   0.5640084618574756   0.6428110432247727   0.5183516351488091
   0.6132038121869220   0.5033641787078682   0.6087738400368229
   0.6427521919266910   0.5238258550690545   0.5589956111944065
   0.6428107992912331   0.5640087246357078   0.5183516517282147
   0.6134027038131786   0.6134024829307423   0.4974681064039003
   0.5783998330556945   0.5783996495628345   0.5752455810405979
   0.5880643470684852   0.5601060070888690   0.5834908607081006
   0.5692812482440676   0.5555563716750612   0.6060329844892255
   0.5239281584796934   0.5640582200771020   0.6382300597085103
   0.5601057878133048   0.5880645662610687   0.5834908502849194
   0.5788764716431959   0.5788762078963822   0.5742859623127045
   0.5683417035653423   0.5841524255683103   0.5794425352794740
   0.5308804918635114   0.6016927715211169   0.5967677203552428
   0.5555565940025675   0.5692810224482218   0.6060329927822194
   0.5841521600277806   0.5683419737468026   0.5794425379728924
   0.5841919384493494   0.5841916669687811   0.5634180289048517
   0.5556583552937573   0.6107310972118960   0.5641376774251037
   0.5640580346508041   0.5239283527930106   0.6382300640720987
   0.6016929948996617   0.5308802573929339   0.5967677037165200
   0.6107308704882379   0.5556585896026041   0.5641376920872456
   0.5910803088767079   0.5910801116546504   0.5488609751699804
   0.5910803088767081   0.5910801116546499   0.5488609751699804
   0.6107308704882382   0.5556585896026038   0.5641376920872455
   0.6016929948996613   0.5308802573929339   0.5967677037165203
   0.5640580346508040   0.5239283527930105   0.6382300640720987
   0.5556583552937572   0.6107310972118960   0.5641376774251037
   0.5841919384493497   0.5841916669687809   0.5634180289048516
   0.5841521600277806   0.5683419737468026   0.5794425379728926
   0.5555565940025672   0.5692810224482217   0.6060329927822197
   0.5308804918635118   0.6016927715211167   0.5967677203552427
   0.5683417035653424   0.5841524255683104   0.5794425352794738
   0.5788764716431958   0.5788762078963824   0.5742859623127043
   0.5601057878133047   0.5880645662610690   0.5834908502849192
   0.5239281584796937   0.5640582200771023   0.6382300597085099
   0.5692812482440680   0.5555563716750609   0.6060329844892250
   0.5880643470684849   0.5601060070888694   0.5834908607081005
   0.5783998330556943   0.5783996495628348   0.5752455810405979
   0.6134027038131787   0.6134024829307423   0.4974681064039002
   0.6428107992912335   0.5640087246357074   0.5183516517282147
   0.6427521919266906   0.5238258550690547   0.5589956111944069
   0.6132038121869217   0.5033641787078683   0.6087738400368232
   0.5640084618574757   0.6428110432247728   0.5183516351488088
   0.6014860462460435   0.6014857532117793   0.5257655607345927
   0.6104066098359020   0.5690731989940152   0.5509623080169450
   0.5906799511531139   0.5540205982385356   0.5866501274466496
   0.5238261149161160   0.6427519613057318   0.5589956328716020
   0.5690729097966333   0.6104068849974502   0.5509623018712827
   0.5877997868731777   0.5877995153408100   0.5558625192589943
   0.5781040904751666   0.5795869917193621   0.5743470898381747
   0.5033639660683147   0.6132039964373120   0.6087738302664507
   0.5540208368303025   0.5906797291367999   0.5866501256666771
   0.5795867679693292   0.5781043081437136   0.5743470965370548
   0.5785678875081005   0.5785677067369857   0.5749074780045215
  
   0.2000000000000000
  
   0.5784556683301785   0.5784556479515393   0.5751331177472320
   0.5789973741566328   0.5782331182969418   0.5748117097139889
   0.5512481674143047   0.5918055545320172   0.5881255338339105
   0.4973909392238015   0.6154632348397282   0.6113977920623219
   0.5782330970428997   0.5789973952435942   0.5748117098540265
   0.5879285573631241   0.5879285267308815   0.5555898297242045
   0.5676594493468002   0.6122012997501882   0.5504292126617809
   0.5198621106223800   0.6462127851170125   0.5587060249277416
   0.5918055750397375   0.5512481459619314   0.5881255333051087
   0.6122012701157392   0.5676594806207459   0.5504292133690404
   0.6025918092862046   0.6025917774906459   0.5232267778715479
   0.5633430664028414   0.6462716394088649   0.5147597086326995
   0.6154632153775697   0.4973909615929675   0.6113977934558863
   0.6462128056447670   0.5198620863412078   0.5587060237778765
   0.6462716181664454   0.5633430901411994   0.5147597093233780
   0.6156542316757605   0.6156542071575226   0.4918737279312357
   0.5785175891740081   0.5785175686163671   0.5750085406483114
   0.5881860729890855   0.5594790296822029   0.5839694845516664
   0.5678566678607936   0.5546622895141931   0.6081846342657055
   0.5199588887589214   0.5633873011428965   0.6420572427062176
   0.5594790086858242   0.5881860930654119   0.5839694844462112
   0.5787563622385000   0.5787563329407702   0.5745277889270547
   0.5673489981377119   0.5844574704626234   0.5801073862075593
   0.5279704090458869   0.6027902662349290   0.5982400371960592
   0.5546623101023707   0.5678566478714847   0.6081846341532003
   0.5844574419503328   0.5673490271540326   0.5801073865554947
   0.5844946436480917   0.5844946139331582   0.5627895324451394
   0.5547649941938259   0.6125158798737493   0.5630808983792748
   0.5633872817026312   0.5199589090903805   0.6420572432994285
   0.6027902859676574   0.5279703872723880   0.5982400365292132
   0.6125158597552119   0.5547650159498315   0.5630808988293924
   0.5921948655235545   0.5921948435510264   0.5464526589917141
   0.5921948655235544   0.5921948435510265   0.5464526589917139
   0.6125158597552121   0.5547650159498317   0.5630808988293922
   0.6027902859676574   0.5279703872723882   0.5982400365292132
   0.5633872817026315   0.5199589090903802   0.6420572432994285
   0.5547649941938257   0.6125158798737497   0.5630808983792747
   0.5844946436480917   0.5844946139331583   0.5627895324451394
   0.5844574419503331   0.5673490271540325   0.5801073865554945
   0.5546623101023711   0.5678566478714847   0.6081846341532000
   0.5279704090458865   0.6027902662349292   0.5982400371960593
   0.5673489981377119   0.5844574704626236   0.5801073862075591
   0.5787563622385004   0.5787563329407702   0.5745277889270544
   0.5594790086858246   0.5881860930654119   0.5839694844462111
   0.5199588887589214   0.5633873011428967   0.6420572427062174
   0.5678566678607939   0.5546622895141931   0.6081846342657052
   0.5881860729890858   0.5594790296822030   0.5839694845516661
   0.5785175891740083   0.5785175686163671   0.5750085406483112
   0.6156542316757604   0.6156542071575226   0.4918737279312357
   0.6462716181664456   0.5633430901411993   0.5147597093233779
   0.6462128056447674   0.5198620863412075   0.5587060237778765
   0.6154632153775700   0.4973909615929673   0.6113977934558860
   0.5633430664028414   0.6462716394088650   0.5147597086326995
   0.6025918092862048   0.6025917774906460   0.5232267778715477
   0.6122012701157395   0.5676594806207458   0.5504292133690402
   0.5918055750397377   0.5512481459619315   0.5881255333051085
   0.5198621106223797   0.6462127851170125   0.5587060249277418
   0.5676594493468002   0.6122012997501882   0.5504292126617808
   0.5879285573631245   0.5879285267308815   0.5555898297242040
   0.5782330970429002   0.5789973952435941   0.5748117098540264
   0.4973909392238015   0.6154632348397280   0.6113977920623220
   0.5512481674143049   0.5918055545320170   0.5881255338339105
   0.5789973741566332   0.5782331182969416   0.5748117097139888
   0.5784556683301788   0.5784556479515394   0.5751331177472317
  
   9.9999999999999964E-02
  
   0.5782316471399342   0.5782317965235553   0.5755833143298895
   0.5781382072135626   0.5783226511149115   0.5755858967758921
   0.5478052625124772   0.5930444091049956   0.5900912837798425
   0.4902665209046345   0.6179321688367594   0.6146532137691663
   0.5783228173583890   0.5781380356330491   0.5755859020832729
   0.5879345284434686   0.5879347265637427   0.5555769501737570
   0.5658417417544944   0.6141296697494951   0.5501525897618007
   0.5151411986247089   0.6499902888730429   0.5586968496870520
   0.5930442388561985   0.5478054481893752   0.5900912825093335
   0.6141298687538064   0.5658415310701043   0.5501525843079106
   0.6037054150120246   0.6037056285378555   0.5206527498792951
   0.5624723804640076   0.6500418119084704   0.5109505494525919
   0.6179323227370015   0.4902663430653110   0.6146532008980519
   0.6499901122394783   0.5151413999681396   0.5586968695364022
   0.6500419994415223   0.5624721765580041   0.5109505353360240
   0.6180943258483160   0.6180945104704428   0.4857145051163483
   0.5785644954826464   0.5785646477895574   0.5749139699946909
   0.5881555471073794   0.5587112351625226   0.5847348186229272
   0.5660062389962923   0.5535839517342327   0.6108860333970509
   0.5152214244010560   0.5625060898852035   0.6466326489439012
   0.5587114033862336   0.5881553789021998   0.5847348270751412
   0.5784904833479639   0.5784906756305491   0.5750628651585407
   0.5660541204375000   0.5846813212562284   0.5811458382452717
   0.5245272936325417   0.6038732024205339   0.6001735362650458
   0.5535837807081916   0.5660064141117702   0.6108860261302105
   0.5846815134836670   0.5660539242082897   0.5811458359816787
   0.5847125434654615   0.5847127413509747   0.5623364220962205
   0.5536753215226257   0.6143991436779034   0.5621008188792078
   0.5625062447800103   0.5152212619554273   0.6466326436335768
   0.6038730303727295   0.5245274746951929   0.6001735511319539
   0.6143993178413261   0.5536751404585277   0.5621008068614941
   0.5933785466199102   0.5933787111662359   0.5438783003080191
   0.5933785466199105   0.5933787111662358   0.5438783003080190
   0.6143993178413258   0.5536751404585277   0.5621008068614944
   0.6038730303727295   0.5245274746951930   0.6001735511319540
   0.5625062447800102   0.5152212619554272   0.6466326436335769
   0.5536753215226261   0.6143991436779032   0.5621008188792078
   0.5847125434654616   0.5847127413509750   0.5623364220962203
   0.5846815134836674   0.5660539242082898   0.5811458359816786
   0.5535837807081915   0.5660064141117707   0.6108860261302101
   0.5245272936325416   0.6038732024205340   0.6001735362650458
   0.5660541204374998   0.5846813212562285   0.5811458382452718
   0.5784904833479636   0.5784906756305496   0.5750628651585405
   0.5587114033862332   0.5881553789022000   0.5847348270751410
   0.5152214244010561   0.5625060898852033   0.6466326489439012
   0.5660062389962922   0.5535839517342327   0.6108860333970512
   0.5881555471073792   0.5587112351625227   0.5847348186229272
   0.5785644954826459   0.5785646477895577   0.5749139699946909
   0.6180943258483163   0.6180945104704429   0.4857145051163482
   0.6500419994415223   0.5624721765580037   0.5109505353360242
   0.6499901122394780   0.5151413999681398   0.5586968695364025
   0.6179323227370015   0.4902663430653106   0.6146532008980523
   0.5624723804640074   0.6500418119084705   0.5109505494525920
   0.6037054150120245   0.6037056285378558   0.5206527498792951
   0.6141298687538063   0.5658415310701045   0.5501525843079107
   0.5930442388561981   0.5478054481893754   0.5900912825093338
   0.5151411986247084   0.6499902888730434   0.5586968496870518
   0.5658417417544943   0.6141296697494951   0.5501525897618008
   0.5879345284434684   0.5879347265637432   0.5555769501737567
   0.5783228173583886   0.5781380356330489   0.5755859020832730
   0.4902665209046343   0.6179321688367593   0.6146532137691665
   0.5478052625124769   0.5930444091049953   0.5900912837798430
   0.5781382072135622   0.5783226511149118   0.5755858967758920
   0.5782316471399341   0.5782317965235555   0.5755833143298895
  
  -3.9956721816395953E-17
  
   0.5773505519735165   0.5773504552242417   0.5773498003708295
   0.5762821383988929   0.5778832339046200   0.5778839545569141
   0.5426986731333189   0.5939188159586678   0.5939179995837719
   0.4807371986685843   0.6200366057934329   0.6200373805605928
   0.5778831140599405   0.5762822605374934   0.5778839526013699
   0.5871900448301307   0.5871898840652224   0.5571497925189057
   0.5627788777763092   0.6156292061589468   0.5516163660125967
   0.5086241188408950   0.6534884372928114   0.5605839527295821
   0.5939189281871650   0.5426985525174114   0.5939179975691220
   0.6156290436634425   0.5627790512363136   0.5516163703948515
   0.6041452335685954   0.6041450660850467   0.5196318657294239
   0.5605842730809709   0.6534879839219543   0.5086243482609726
   0.6200365106608687   0.4807373160125736   0.6200373847120199
   0.6534885493770499   0.5086239856110921   0.5605839429507116
   0.6534878600648600   0.5605844103710899   0.5086243560789704
   0.6200371518745826   0.6200370393202177   0.4807369344727681
   0.5778837409550549   0.5778836446178452   0.5762819407399358
   0.5871892238314836   0.5571503547510180   0.5871901715943436
   0.5627797305787282   0.5516158815705140   0.6156288606367629
   0.5086233599294153   0.5605842931550079   0.6534887359411886
   0.5571502361790783   0.5871893404143771   0.5871901675175818
   0.5773507678317016   0.5773506142773561   0.5773494254588846
   0.5636189568551268   0.5840943174299600   0.5840954543733141
   0.5196331168077177   0.6041450757243657   0.6041441478610028
   0.5516159941797818   0.5627796186833123   0.6156288620262346
   0.5840941603380920   0.5636191174734140   0.5840954564773030
   0.5840951467342598   0.5840949909109806   0.5636185777227226
   0.5516152603145761   0.6156292318818043   0.5627799334026597
   0.5605841950246976   0.5086234654914586   0.6534887379595542
   0.6041451851756412   0.5196329975791414   0.6041441409597599
   0.6156291145493051   0.5516153842998064   0.5627799402279858
   0.5939188983869946   0.5939187967935110   0.5426977104743735
   0.5939188983869949   0.5939187967935109   0.5426977104743734
   0.6156291145493054   0.5516153842998056   0.5627799402279865
   0.6041451851756412   0.5196329975791407   0.6041441409597604
   0.5605841950246975   0.5086234654914582   0.6534887379595545
   0.5516152603145760   0.6156292318818043   0.5627799334026599
   0.5840951467342597   0.5840949909109805   0.5636185777227229
   0.5840941603380918   0.5636191174734139   0.5840954564773037
   0.5516159941797814   0.5627796186833123   0.6156288620262349
   0.5196331168077175   0.6041450757243657   0.6041441478610030
   0.5636189568551265   0.5840943174299599   0.5840954543733140
   0.5773507678317011   0.5773506142773562   0.5773494254588848
   0.5571502361790778   0.5871893404143773   0.5871901675175824
   0.5086233599294151   0.5605842931550082   0.6534887359411885
   0.5627797305787282   0.5516158815705140   0.6156288606367628
   0.5871892238314832   0.5571503547510184   0.5871901715943437
   0.5778837409550545   0.5778836446178455   0.5762819407399362
   0.6200371518745825   0.6200370393202179   0.4807369344727681
   0.6534878600648604   0.5605844103710895   0.5086243560789706
   0.6534885493770500   0.5086239856110918   0.5605839429507118
   0.6200365106608686   0.4807373160125737   0.6200373847120199
   0.5605842730809708   0.6534879839219544   0.5086243482609725
   0.6041452335685952   0.6041450660850468   0.5196318657294238
   0.6156290436634424   0.5627790512363136   0.5516163703948516
   0.5939189281871649   0.5426985525174115   0.5939179975691220
   0.5086241188408948   0.6534884372928115   0.5605839527295822
   0.5627788777763092   0.6156292061589470   0.5516163660125963
   0.5871900448301305   0.5871898840652228   0.5571497925189058
   0.5778831140599400   0.5762822605374939   0.5778839526013699
   0.4807371986685840   0.6200366057934332   0.6200373805605925
   0.5426986731333191   0.5939188159586680   0.5939179995837714
   0.5762821383988926   0.5778832339046203   0.5778839545569141
   0.5773505519735161   0.5773504552242420   0.5773498003708295
  
  -1.0000000000000040E-02
  
   0.5770745473292188   0.5770749043297843   0.5779009617724716
   0.5758528913287948   0.5776714229027027   0.5785232706726965
   0.5418527849247028   0.5938398428940244   0.5947686949234503
   0.4793653646953612   0.6200522353095668   0.6210829836809998
   0.5776718617308423   0.5758524378677183   0.5785232838583321
   0.5868998022929408   0.5869003565613927   0.5577603370056149
   0.5621903775499395   0.6155878621733667   0.5522622233460122
   0.5076176698086351   0.6536343235833431   0.5613256384059053
   0.5938394024768555   0.5418532679979956   0.5947686945576605
   0.6155884172989764   0.5621897859197713   0.5522622068318845
   0.6039542712923460   0.6039548646904016   0.5200747634759163
   0.5601186309835221   0.6536180070305648   0.5089701564046144
   0.6200525834940431   0.4793649500705932   0.6210829560905536
   0.6536338743496261   0.5076181910771966   0.5613256901213520
   0.6536184865867362   0.5601181052654733   0.5089701191090503
   0.6199950498635880   0.6199954759458535   0.4808448273105594
   0.5775879794837241   0.5775883381341507   0.5768741956504374
   0.5868278971022324   0.5567700476977294   0.5879116712306705
   0.5621331401031990   0.5511742504409000   0.6166143676955875
   0.5075951245011879   0.5601092391676082   0.6546944552855986
   0.5567704867806139   0.5868274584363902   0.5879116932628273
   0.5769853544201555   0.5769858892507682   0.5780788738486711
   0.5630923198528588   0.5837872910529230   0.5849097692189927
   0.5188273918856250   0.6038990945270284   0.6050818300516017
   0.5511738094159049   0.5621335910223869   0.6166143508370816
   0.5837878269264977   0.5630917715936361   0.5849097621821492
   0.5837738295285351   0.5837743783019994   0.5642832543995107
   0.5511441320406907   0.6154963770008202   0.5633865064198628
   0.5601095924049383   0.5075947501208955   0.6546944433441295
   0.6038986547539031   0.5188278589001911   0.6050818685231524
   0.6154968254659771   0.5511436642484672   0.5633864741011072
   0.5937254694554283   0.5937258516286280   0.5431203181872245
   0.5937254694554278   0.5937258516286280   0.5431203181872247
   0.6154968254659768   0.5511436642484672   0.5633864741011073
   0.6038986547539033   0.5188278589001910   0.6050818685231525
   0.5601095924049381   0.5075947501208959   0.6546944433441293
   0.5511441320406907   0.6154963770008202   0.5633865064198627
   0.5837738295285350   0.5837743783019996   0.5642832543995105
   0.5837878269264973   0.5630917715936361   0.5849097621821494
   0.5511738094159045   0.5621335910223872   0.6166143508370816
   0.5188273918856253   0.6038990945270283   0.6050818300516017
   0.5630923198528588   0.5837872910529230   0.5849097692189928
   0.5769853544201556   0.5769858892507683   0.5780788738486711
   0.5567704867806135   0.5868274584363907   0.5879116932628274
   0.5075951245011882   0.5601092391676080   0.6546944552855986
   0.5621331401031990   0.5511742504409000   0.6166143676955875
   0.5868278971022324   0.5567700476977296   0.5879116712306701
   0.5775879794837243   0.5775883381341508   0.5768741956504372
   0.6199950498635877   0.6199954759458536   0.4808448273105594
   0.6536184865867358   0.5601181052654735   0.5089701191090505
   0.6536338743496258   0.5076181910771966   0.5613256901213520
   0.6200525834940428   0.4793649500705935   0.6210829560905536
   0.5601186309835223   0.6536180070305647   0.5089701564046143
   0.6039542712923457   0.6039548646904020   0.5200747634759161
   0.6155884172989764   0.5621897859197713   0.5522622068318845
   0.5938394024768555   0.5418532679979957   0.5947686945576603
   0.5076176698086351   0.6536343235833433   0.5613256384059051
   0.5621903775499393   0.6155878621733668   0.5522622233460123
   0.5868998022929407   0.5869003565613926   0.5577603370056149
   0.5776718617308420   0.5758524378677187   0.5785232838583320
   0.4793653646953610   0.6200522353095668   0.6210829836809998
   0.5418527849247029   0.5938398428940249   0.5947686949234496
   0.5758528913287948   0.5776714229027028   0.5785232706726962
   0.5770745473292189   0.5770749043297845   0.5779009617724714
  
  -2.0000000000000042E-02
  
   0.5766657620878407   0.5766658638134534   0.5787167531253383
   0.5752517364457757   0.5773345822310374   0.5794568317624993
   0.5407909488329484   0.5936331856605866   0.5959402575282381
   0.4777302262424348   0.6199121007752980   0.6224811790301044
   0.5773347220718817   0.5752515929071218   0.5794568349307841
   0.5864577566164265   0.5864579618413412   0.5586898591323526
   0.5614062727438335   0.6153963262878516   0.5532724089589980
   0.5063833247837589   0.6536166178667900   0.5624599943367747
   0.5936330474551617   0.5407910998468859   0.5959402581597364
   0.6153965303625460   0.5614060554108369   0.5532724024978876
   0.6035913315546868   0.6035915498192717   0.5209172155523465
   0.5594523885616363   0.6535732708871722   0.5097597517601040
   0.6199121939847215   0.4777301147113741   0.6224811718011289
   0.6536164795566842   0.5063834870145677   0.5624600090058791
   0.6535734184478071   0.5594522260357342   0.5097597409389146
   0.6197707607296804   0.6197708775174906   0.4814231647166065
   0.5771278659731410   0.5771279669219398   0.5777947179698312
   0.5862731608180132   0.5562266116130369   0.5889785543107117
   0.5612679312391964   0.5505596169310900   0.6179501740166146
   0.5063234155375586   0.5594305931647315   0.6562575792398418
   0.5562267502031759   0.5862730232869421   0.5889785603266068
   0.5764426006551766   0.5764427981932135   0.5791611421366895
   0.5623642802288070   0.5832964871415526   0.5860986473376819
   0.5178122521740977   0.6034526107845594   0.6063954304211797
   0.5505594791016581   0.5612680710654033   0.6179501698145510
   0.5832966841941939   0.5623640787561065   0.5860986445410488
   0.5832663317164003   0.5832665337801457   0.5653322358208386
   0.5504803739989765   0.6151667159056401   0.5643946044070729
   0.5594306875535962   0.5063233155519566   0.6562575759195352
   0.6034524749365325   0.5178123975595323   0.6063954414626006
   0.6151668550020397   0.5504802281702735   0.5643945950312627
   0.5933466722300617   0.5933467781796580   0.5439479086983712
   0.5933466722300611   0.5933467781796589   0.5439479086983708
   0.6151668550020392   0.5504802281702739   0.5643945950312630
   0.6034524749365320   0.5178123975595325   0.6063954414626013
   0.5594306875535956   0.5063233155519569   0.6562575759195353
   0.5504803739989764   0.6151667159056404   0.5643946044070727
   0.5832663317164002   0.5832665337801458   0.5653322358208385
   0.5832966841941938   0.5623640787561065   0.5860986445410489
   0.5505594791016575   0.5612680710654037   0.6179501698145511
   0.5178122521740982   0.6034526107845595   0.6063954304211793
   0.5623642802288071   0.5832964871415525   0.5860986473376818
   0.5764426006551771   0.5764427981932135   0.5791611421366892
   0.5562267502031760   0.5862730232869421   0.5889785603266066
   0.5063234155375590   0.5594305931647314   0.6562575792398417
   0.5612679312391967   0.5505596169310901   0.6179501740166141
   0.5862731608180135   0.5562266116130365   0.5889785543107117
   0.5771278659731410   0.5771279669219395   0.5777947179698313
   0.6197707607296798   0.6197708775174914   0.4814231647166064
   0.6535734184478070   0.5594522260357346   0.5097597409389144
   0.6536164795566837   0.5063834870145681   0.5624600090058796
   0.6199121939847211   0.4777301147113742   0.6224811718011292
   0.5594523885616358   0.6535732708871727   0.5097597517601040
   0.6035913315546868   0.6035915498192718   0.5209172155523463
   0.6153965303625458   0.5614060554108369   0.5532724024978876
   0.5936330474551615   0.5407910998468859   0.5959402581597366
   0.5063833247837591   0.6536166178667904   0.5624599943367742
   0.5614062727438335   0.6153963262878518   0.5532724089589977
   0.5864577566164267   0.5864579618413416   0.5586898591323524
   0.5773347220718819   0.5752515929071219   0.5794568349307841
   0.4777302262424348   0.6199121007752985   0.6224811790301039
   0.5407909488329490   0.5936331856605868   0.5959402575282378
   0.5752517364457760   0.5773345822310374   0.5794568317624990
   0.5766657620878409   0.5766658638134532   0.5787167531253381
  
  -3.0000000000000041E-02
  
   0.5759931575892020   0.5759931039574232   0.5800550203247221
   0.5743184157292885   0.5767521408730906   0.5809606917447228
   0.5393089693523019   0.5931700564461349   0.5977416830971780
   0.4755964044467879   0.6194624997614436   0.6245592617731250
   0.5767520531662305   0.5743185071891382   0.5809606884020445
   0.5857133892601847   0.5857132796781174   0.5602497475680384
   0.5602452961546607   0.6149068961453871   0.5549907361473906
   0.5047058284737258   0.6532680526475252   0.5643694517731805
   0.5931701348468846   0.5393088832357734   0.5977416829941773
   0.6149067753600129   0.5602454252541399   0.5549907396508150
   0.6028835955860816   0.6028834784125338   0.5225541901376370
   0.5583949913162852   0.6531788995962311   0.5114218990179658
   0.6194624409331961   0.4755964756432866   0.6245592659057835
   0.6532681318072183   0.5047057375864049   0.5643694414233197
   0.6531788039419359   0.5583950960456475   0.5114219068373529
   0.6191789392270068   0.6191788783349617   0.4829440524963294
   0.5763402408275977   0.5763401877821352   0.5793650962476423
   0.5853418688948062   0.5553638643175343   0.5907164080411436
   0.5599728736358242   0.5496030633368251   0.6199732684259985
   0.5045861158206402   0.5583547464824745   0.6585080324502740
   0.5553637765403803   0.5853419573653998   0.5907164028994363
   0.5755468702925581   0.5755467645720672   0.5809403772221954
   0.5612464088769241   0.5824450876405777   0.5880137654903297
   0.5163868021143474   0.6026071627922963   0.6084482541297467
   0.5496031411575668   0.5599727936337009   0.6199732716979051
   0.5824449705036808   0.5612465289067493   0.5880137669520094
   0.5823871984632867   0.5823870901009423   0.5671423351768419
   0.5494414158776821   0.6144477388136904   0.5661873424804469
   0.5583546863514748   0.5045861798882381   0.6585080343436525
   0.6026072405801902   0.5163867204236909   0.6084482464190307
   0.6144476487770034   0.5494415092711117   0.5661873495604572
   0.5925960947488010   0.5925960393304698   0.5455820769218050
   0.5925960947488009   0.5925960393304699   0.5455820769218050
   0.6144476487770032   0.5494415092711116   0.5661873495604574
   0.6026072405801904   0.5163867204236910   0.6084482464190305
   0.5583546863514744   0.5045861798882386   0.6585080343436522
   0.5494414158776818   0.6144477388136906   0.5661873424804469
   0.5823871984632869   0.5823870901009424   0.5671423351768416
   0.5824449705036807   0.5612465289067496   0.5880137669520090
   0.5496031411575667   0.5599727936337013   0.6199732716979047
   0.5163868021143477   0.6026071627922962   0.6084482541297463
   0.5612464088769242   0.5824450876405778   0.5880137654903294
   0.5755468702925579   0.5755467645720679   0.5809403772221953
   0.5553637765403803   0.5853419573654000   0.5907164028994361
   0.5045861158206407   0.5583547464824743   0.6585080324502739
   0.5599728736358244   0.5496030633368251   0.6199732684259982
   0.5853418688948063   0.5553638643175345   0.5907164080411433
   0.5763402408275979   0.5763401877821351   0.5793650962476421
   0.6191789392270065   0.6191788783349619   0.4829440524963294
   0.6531788039419355   0.5583950960456477   0.5114219068373532
   0.6532681318072183   0.5047057375864052   0.5643694414233194
   0.6194624409331957   0.4755964756432874   0.6245592659057834
   0.5583949913162854   0.6531788995962313   0.5114218990179653
   0.6028835955860816   0.6028834784125343   0.5225541901376366
   0.6149067753600127   0.5602454252541405   0.5549907396508145
   0.5931701348468844   0.5393088832357739   0.5977416829941773
   0.5047058284737260   0.6532680526475255   0.5643694517731799
   0.5602452961546608   0.6149068961453875   0.5549907361473904
   0.5857133892601846   0.5857132796781178   0.5602497475680381
   0.5767520531662301   0.5743185071891386   0.5809606884020444
   0.4755964044467885   0.6194624997614440   0.6245592617731242
   0.5393089693523023   0.5931700564461351   0.5977416830971776
   0.5743184157292888   0.5767521408730908   0.5809606917447223
   0.5759931575892020   0.5759931039574233   0.5800550203247220
  
  -4.0000000000000042E-02
  
   0.5746940996390911   0.5746947907635941   0.5826255995999519
   0.5726033085369336   0.5755871519238053   0.5838020911171863
   0.5368412836733065   0.5920915042078685   0.6010233662586340
   0.4723051315890799   0.6182723569177059   0.6282254017039162
   0.5755868713803369   0.5726036327482382   0.5838020497207218
   0.5842483940381694   0.5842493965627853   0.5632996153734185
   0.5581988824734998   0.6137065918987175   0.5583710474813293
   0.5019878310422096   0.6521213922079769   0.5681073026376867
   0.5920906126494304   0.5368423428986159   0.6010232984531857
   0.6137062833706696   0.5581992519464956   0.5583710172257620
   0.6013492009407992   0.6013502879197312   0.5260769618095044
   0.5564096384800742   0.6519436895870102   0.5151482697380912
   0.6182719072313567   0.4723057850051326   0.6282253530216574
   0.6521204717820919   0.5019889805593419   0.5681073434481326
   0.6519433566300120   0.5564100364832418   0.5151482612284646
   0.6177021047139780   0.6177029619324034   0.4867105512025165
   0.5747725842456628   0.5747732936878077   0.5824707179445433
   0.5835197773278702   0.5537451946854620   0.5940294006444400
   0.5576624242796949   0.5478345042383801   0.6236104365005303
   0.5017608294068440   0.5563403558115860   0.6623605351833651
   0.5537448818558413   0.5835201055786575   0.5940293698159484
   0.5738097044809982   0.5738106971784271   0.5843660726351565
   0.5592100650322135   0.5807392773004463   0.5916299476591959
   0.5139938084383329   0.6008101349242053   0.6122397787300466
   0.5478335635293229   0.5576634219252029   0.6236103707584059
   0.5807389444881412   0.5592104230136715   0.5916299359799758
   0.5806200487579558   0.5806210722582613   0.5707534751799378
   0.5475136401564633   0.6128003936149274   0.5698284754450312
   0.5563398361131612   0.5017614282866166   0.6623605180242520
   0.6008091907469032   0.5139948415162345   0.6122398379791634
   0.6128000631974553   0.5475139967553513   0.5698284881454908
   0.5909551533158776   0.5909559207894134   0.5491294077477040
   0.5909551533158772   0.5909559207894136   0.5491294077477042
   0.6128000631974554   0.5475139967553510   0.5698284881454910
   0.6008091907469033   0.5139948415162349   0.6122398379791631
   0.5563398361131615   0.5017614282866170   0.6623605180242514
   0.5475136401564633   0.6128003936149274   0.5698284754450316
   0.5806200487579555   0.5806210722582617   0.5707534751799379
   0.5807389444881410   0.5592104230136715   0.5916299359799760
   0.5478335635293231   0.5576634219252027   0.6236103707584060
   0.5139938084383324   0.6008101349242057   0.6122397787300468
   0.5592100650322140   0.5807392773004461   0.5916299476591956
   0.5738097044809984   0.5738106971784268   0.5843660726351566
   0.5537448818558416   0.5835201055786575   0.5940293698159482
   0.5017608294068440   0.5563403558115855   0.6623605351833656
   0.5576624242796950   0.5478345042383796   0.6236104365005306
   0.5835197773278704   0.5537451946854620   0.5940294006444398
   0.5747725842456629   0.5747732936878075   0.5824707179445432
   0.6177021047139781   0.6177029619324031   0.4867105512025167
   0.6519433566300125   0.5564100364832417   0.5151482612284642
   0.6521204717820920   0.5019889805593420   0.5681073434481325
   0.6182719072313569   0.4723057850051327   0.6282253530216572
   0.5564096384800744   0.6519436895870100   0.5151482697380914
   0.6013492009407992   0.6013502879197312   0.5260769618095043
   0.6137062833706698   0.5581992519464956   0.5583710172257619
   0.5920906126494310   0.5368423428986158   0.6010232984531854
   0.5019878310422095   0.6521213922079769   0.5681073026376867
   0.5581988824735000   0.6137065918987175   0.5583710474813292
   0.5842483940381699   0.5842493965627850   0.5632996153734183
   0.5755868713803370   0.5726036327482382   0.5838020497207217
   0.4723051315890798   0.6182723569177054   0.6282254017039167
   0.5368412836733069   0.5920915042078683   0.6010233662586341
   0.5726033085369340   0.5755871519238053   0.5838020911171860
   0.5746940996390913   0.5746947907635936   0.5826255995999520
  
  -5.0000000000000037E-02
  
   0.5713999473102962   0.5714098856093756   0.5890609839750643
   0.5683934210966908   0.5725591696998414   0.5908510100242091
   0.5312592310025370   0.5890436495269719   0.6089262750337999
   0.4653622927750759   0.6147029559960985   0.6368502275675051
   0.5725481823217071   0.5684055151003624   0.5908500226991625
   0.5804843957018827   0.5804977563180307   0.5710168309746678
   0.5533194950617391   0.6102169178835408   0.5669857577693941
   0.4959711462252056   0.6484047619083259   0.5775672141375953
   0.5890310163842130   0.5312747769332402   0.6089249322633431
   0.6102037532092386   0.5533343883288842   0.5669853915772948
   0.5971576202790280   0.5971721840136622   0.5355260583604134
   0.5514335178236887   0.6479819952114052   0.5253954789512734
   0.6146900410162067   0.4653801428862344   0.6368496495113130
   0.6483916272434453   0.4959880700342312   0.5775674264571329
   0.6479693938525979   0.5514480094779508   0.5253958102926809
   0.6133550353673732   0.6133676142325583   0.4975698648432679
   0.5707123298230259   0.5707226272691696   0.5903923435402513
   0.5788441071406238   0.5497108503763789   0.6022935169890610
   0.5521303908078229   0.5434843504990525   0.6322790462359351
   0.4954888939705678   0.5513401728878121   0.6712039702742087
   0.5496992029084089   0.5788561008897171   0.6022926205629733
   0.5693872404372325   0.5694006231661742   0.5929427466166068
   0.5542307806859365   0.5762969868060908   0.6005913958245472
   0.5085296205297472   0.5959783124054803   0.6214559326180634
   0.5434707251842560   0.5521450685203040   0.6322779406055598
   0.5762835706869680   0.5542448740938042   0.6005912634204910
   0.5760108680470424   0.5760246933205926   0.5800060625343583
   0.5427296459884547   0.6081692101487874   0.5792881348623037
   0.5513257692261450   0.4955051550516522   0.6712037972959014
   0.5959645871670672   0.5085448172385799   0.6214566595528336
   0.6081570477600184   0.5427425501943192   0.5792888135191164
   0.5864504197505548   0.5864616461597204   0.5586936931432365
   0.5864504197505549   0.5864616461597202   0.5586936931432366
   0.6081570477600186   0.5427425501943191   0.5792888135191164
   0.5959645871670669   0.5085448172385800   0.6214566595528339
   0.5513257692261452   0.4955051550516523   0.6712037972959013
   0.5427296459884545   0.6081692101487876   0.5792881348623038
   0.5760108680470425   0.5760246933205925   0.5800060625343584
   0.5762835706869679   0.5542448740938043   0.6005912634204910
   0.5434707251842560   0.5521450685203040   0.6322779406055596
   0.5085296205297470   0.5959783124054803   0.6214559326180636
   0.5542307806859368   0.5762969868060908   0.6005913958245468
   0.5693872404372322   0.5694006231661746   0.5929427466166068
   0.5496992029084088   0.5788561008897172   0.6022926205629732
   0.4954888939705676   0.5513401728878120   0.6712039702742090
   0.5521303908078231   0.5434843504990525   0.6322790462359350
   0.5788441071406238   0.5497108503763791   0.6022935169890609
   0.5707123298230259   0.5707226272691699   0.5903923435402511
   0.6133550353673733   0.6133676142325580   0.4975698648432682
   0.6479693938525980   0.5514480094779507   0.5253958102926809
   0.6483916272434451   0.4959880700342315   0.5775674264571329
   0.6146900410162067   0.4653801428862342   0.6368496495113132
   0.5514335178236885   0.6479819952114052   0.5253954789512735
   0.5971576202790280   0.5971721840136622   0.5355260583604136
   0.6102037532092385   0.5533343883288845   0.5669853915772947
   0.5890310163842131   0.5312747769332399   0.6089249322633432
   0.4959711462252053   0.6484047619083262   0.5775672141375953
   0.5533194950617392   0.6102169178835408   0.5669857577693942
   0.5804843957018827   0.5804977563180307   0.5710168309746677
   0.5725481823217072   0.5684055151003625   0.5908500226991623
   0.4653622927750759   0.6147029559960986   0.6368502275675051
   0.5312592310025372   0.5890436495269716   0.6089262750337998
   0.5683934210966907   0.5725591696998413   0.5908510100242094
   0.5713999473102964   0.5714098856093756   0.5890609839750642
  
  -0.1500000000000000
  
  -0.5783679203773612  -0.5783680091794624  -0.5753094772695402
  -0.5786154845313728  -0.5782902419531950  -0.5751386938141443
  -0.5496341219235420  -0.5924178392821006  -0.5890190452928191
  -0.4940035159077698  -0.6166781797361084  -0.6129180605171638
  -0.5782903300728860  -0.5786153939159638  -0.5751386963747671
  -0.5879589064991222  -0.5879590119102163  -0.5555254490857453
  -0.5668180607228023  -0.6131559334195993  -0.5502336661371983
  -0.5176207599179516  -0.6480696614420114  -0.5586362526907818
  -0.5924177481853141  -0.5496342208811700  -0.5890190445744442
  -0.6131560377102563  -0.5668179506648405  -0.5502336632954852
  -0.6031592902660299  -0.6031594034972231  -0.5219172391659936
  -0.5629475681540298  -0.6481250652896642  -0.5128585918679071
  -0.6166782710704718  -0.4940034097922290  -0.6129180541501327
  -0.6480695663759454  -0.5176208687137750  -0.5586362621682298
  -0.6481251640847735  -0.5629474611470711  -0.5128585844734904
  -0.6168606428964057  -0.6168607534729583  -0.4888412401487901
  -0.5785614626580792  -0.5785615533906164  -0.5749201360755951
  -0.5882033068951038  -0.5591234814515798  -0.5842925656271259
  -0.5670050138051946  -0.5541594795782352  -0.6094362850317913
  -0.5177102356926825  -0.5629873155202757  -0.6442215414143654
  -0.5591235704329498  -0.5882032180470754  -0.5842925699214178
  -0.5786553831983295  -0.5786554854413055  -0.5747310472423439
  -0.5667549143237403  -0.5845912044666732  -0.5805531765050417
  -0.5263356259551077  -0.6033474042562340  -0.5991182843376670
  -0.5541593875968635  -0.5670051074517266  -0.6094362815437929
  -0.5845913052688660  -0.5667548115631240  -0.5805531753199625
  -0.5846276995035096  -0.5846278045756312  -0.5625129181541626
  -0.5542578978701541  -0.6134557269241296  -0.5625568893476868
  -0.5629874078546160  -0.5177101385281027  -0.6442215388066073
  -0.6033473118697096  -0.5263357236805690  -0.5991182915228404
  -0.6134558188026311  -0.5542578024935715  -0.5625568831257783
  -0.5927892126000258  -0.5927893108742895  -0.5451621615063050
  -0.5927892126000258  -0.5927893108742898  -0.5451621615063046
  -0.6134558188026309  -0.5542578024935717  -0.5625568831257785
  -0.6033473118697092  -0.5263357236805689  -0.5991182915228409
  -0.5629874078546161  -0.5177101385281028  -0.6442215388066074
  -0.5542578978701544  -0.6134557269241298  -0.5625568893476864
  -0.5846276995035096  -0.5846278045756311  -0.5625129181541626
  -0.5845913052688658  -0.5667548115631242  -0.5805531753199626
  -0.5541593875968635  -0.5670051074517267  -0.6094362815437928
  -0.5263356259551077  -0.6033474042562340  -0.5991182843376669
  -0.5667549143237406  -0.5845912044666733  -0.5805531765050415
  -0.5786553831983295  -0.5786554854413059  -0.5747310472423438
  -0.5591235704329498  -0.5882032180470755  -0.5842925699214179
  -0.5177102356926825  -0.5629873155202758  -0.6442215414143654
  -0.5670050138051952  -0.5541594795782353  -0.6094362850317907
  -0.5882033068951038  -0.5591234814515802  -0.5842925656271257
  -0.5785614626580792  -0.5785615533906164  -0.5749201360755952
  -0.6168606428964057  -0.6168607534729588  -0.4888412401487897
  -0.6481251640847733  -0.5629474611470713  -0.5128585844734905
  -0.6480695663759448  -0.5176208687137753  -0.5586362621682303
  -0.6166782710704716  -0.4940034097922292  -0.6129180541501327
  -0.5629475681540301  -0.6481250652896642  -0.5128585918679067
  -0.6031592902660298  -0.6031594034972233  -0.5219172391659935
  -0.6131560377102561  -0.5668179506648406  -0.5502336632954852
  -0.5924177481853140  -0.5496342208811704  -0.5890190445744439
  -0.5176207599179518  -0.6480696614420116  -0.5586362526907815
  -0.5668180607228024  -0.6131559334195996  -0.5502336661371977
  -0.5879589064991220  -0.5879590119102166  -0.5555254490857450
  -0.5782903300728857  -0.5786153939159645  -0.5751386963747669
  -0.4940035159077698  -0.6166781797361086  -0.6129180605171638
  -0.5496341219235424  -0.5924178392821008  -0.5890190452928187
  -0.5786154845313727  -0.5782902419531954  -0.5751386938141441
  -0.5783679203773610  -0.5783680091794626  -0.5753094772695404
  
  -0.2500000000000001
  
  -0.5785186930447869  -0.5785186911123316  -0.5750063006884588
  -0.5793159071334780  -0.5781689213561977  -0.5745552872613099
  -0.5527000347978005  -0.5912246727736089  -0.5873466249483770
  -0.5004967918335986  -0.6143041511442334  -0.6100273528713597
  -0.5781689213346543  -0.5793159070000822  -0.5745552874174900
  -0.5878711267495229  -0.5878711225716639  -0.5557113293613674
  -0.5684044768561684  -0.6112835667639722  -0.5506802626698926
  -0.5219197312618468  -0.6444392190018889  -0.5588361898909172
  -0.5912246757828569  -0.5527000311506761  -0.5873466253512465
  -0.6112835650581292  -0.5684044783239491  -0.5506802630484440
  -0.6020303580601598  -0.6020303529069454  -0.5245177805877459
  -0.5636918831209842  -0.6444995923993302  -0.5165962991549745
  -0.6143041508680084  -0.5004967909155842  -0.6100273539027059
  -0.6444392223557132  -0.5219197274337736  -0.5588361895985433
  -0.6444995915721756  -0.5636918837870658  -0.5165962994601182
  -0.6144993473015903  -0.6144993441996772  -0.4947535832554284
  -0.5784599455580725  -0.5784599433256725  -0.5751244955247619
  -0.5881352937656720  -0.5598029671157818  -0.5837101286045442
  -0.5686072271341078  -0.5551232424109508  -0.6070617818525673
  -0.5220211376108247  -0.5637392136573609  -0.6400718950809204
  -0.5598029669087354  -0.5881352939117067  -0.5837101286559691
  -0.5788250918869071  -0.5788250876415932  -0.5743892677608240
  -0.5678723025750469  -0.5843076169827770  -0.5797462002497497
  -0.5294769322159912  -0.6022344813373085  -0.5974678298783341
  -0.5551232455058489  -0.5686072236840608  -0.6070617822539623
  -0.5843076154088903  -0.5678723040705410  -0.5797462003711552
  -0.5843447739686046  -0.5843447693442787  -0.5631006798748889
  -0.5552274097468263  -0.6116051020759038  -0.5636148707943688
  -0.5637392137936106  -0.5220211370102810  -0.6400718954507028
  -0.6022344846747852  -0.5294769288614565  -0.5974678294870244
  -0.6116051015514640  -0.5552274102324031  -0.5636148708851126
  -0.5916222206858657  -0.5916222180007557  -0.5476917921227148
  -0.5916222206858656  -0.5916222180007557  -0.5476917921227151
  -0.6116051015514635  -0.5552274102324033  -0.5636148708851130
  -0.6022344846747856  -0.5294769288614563  -0.5974678294870243
  -0.5637392137936109  -0.5220211370102805  -0.6400718954507030
  -0.5552274097468261  -0.6116051020759040  -0.5636148707943689
  -0.5843447739686041  -0.5843447693442788  -0.5631006798748893
  -0.5843076154088905  -0.5678723040705406  -0.5797462003711552
  -0.5551232455058491  -0.5686072236840609  -0.6070617822539622
  -0.5294769322159911  -0.6022344813373081  -0.5974678298783344
  -0.5678723025750467  -0.5843076169827772  -0.5797462002497497
  -0.5788250918869073  -0.5788250876415931  -0.5743892677608237
  -0.5598029669087358  -0.5881352939117063  -0.5837101286559688
  -0.5220211376108245  -0.5637392136573613  -0.6400718950809202
  -0.5686072271341076  -0.5551232424109512  -0.6070617818525670
  -0.5881352937656725  -0.5598029671157819  -0.5837101286045437
  -0.5784599455580728  -0.5784599433256723  -0.5751244955247614
  -0.6144993473015901  -0.6144993441996772  -0.4947535832554286
  -0.6444995915721752  -0.5636918837870657  -0.5165962994601185
  -0.6444392223557132  -0.5219197274337731  -0.5588361895985438
  -0.6143041508680083  -0.5004967909155841  -0.6100273539027062
  -0.5636918831209841  -0.6444995923993301  -0.5165962991549748
  -0.6020303580601591  -0.6020303529069458  -0.5245177805877459
  -0.6112835650581293  -0.5684044783239490  -0.5506802630484439
  -0.5912246757828571  -0.5527000311506760  -0.5873466253512464
  -0.5219197312618463  -0.6444392190018887  -0.5588361898909178
  -0.5684044768561681  -0.6112835667639723  -0.5506802626698926
  -0.5878711267495231  -0.5878711225716639  -0.5557113293613671
  -0.5781689213346545  -0.5793159070000825  -0.5745552874174894
  -0.5004967918335984  -0.6143041511442335  -0.6100273528713598
  -0.5527000347978004  -0.5912246727736091  -0.5873466249483766
  -0.5793159071334784  -0.5781689213561979  -0.5745552872613093
  -0.5785186930447876  -0.5785186911123316  -0.5750063006884581
  
  -0.3500000000000001
  
  -0.5786057708898321  -0.5786057149127138  -0.5748310956823147
  -0.5798235552080685  -0.5780451692483030  -0.5741675949882374
  -0.5552263416081256  -0.5901679866840781  -0.5860251334863710
  -0.5060262561479002  -0.6121653819140059  -0.6076108732363331
  -0.5780450993573054  -0.5798236272946301  -0.5741675925545616
  -0.5877166349496979  -0.5877165506406110  -0.5560381399746832
  -0.5696822532204485  -0.6095757511347497  -0.5512526952262263
  -0.5255980136377294  -0.6411458752421660  -0.5591768009494222
  -0.5901680583237142  -0.5552262643884199  -0.5860251345016673
  -0.6095756653925695  -0.5696823432521294  -0.5512526969983632
  -0.6009586811631613  -0.6009585902238976  -0.5269700526317783
  -0.5643046200186000  -0.6412076371819491  -0.5200125593148741
  -0.6121653249736854  -0.5060263218983789  -0.6076108758456024
  -0.6411459497054399  -0.5255979302116083  -0.5591767939870026
  -0.6412075581980333  -0.5643047046628316  -0.5200125648531100
  -0.6123619520293748  -0.6123618846623071  -0.5000257612559584
  -0.5783389423498396  -0.5783388857019953  -0.5753678832248488
  -0.5879849473546985  -0.5603969313108798  -0.5832915060770570
  -0.5698885706635275  -0.5559651372573244  -0.6050865914739197
  -0.5257048975497285  -0.5643562005807714  -0.6365032910820380
  -0.5603968608484162  -0.5879850181379521  -0.5832915024210047
  -0.5789128285008123  -0.5789127464269570  -0.5742124772430384
  -0.5687726733260292  -0.5840016319377738  -0.5791715980360045
  -0.5321920079747700  -0.6011665343872491  -0.5961295702954241
  -0.5559652090712029  -0.5698884974397954  -0.6050865944542367
  -0.5840015491249989  -0.5687727576166004  -0.5791715987622404
  -0.5840373307175785  -0.5840372462628209  -0.5637383181104749
  -0.5560690350697612  -0.6099000061647954  -0.5646319249889855
  -0.5643561432933833  -0.5257049577231420  -0.6365032921771321
  -0.6011666068086128  -0.5321919324352776  -0.5961295646996749
  -0.6098999328539911  -0.5560691104392060  -0.5646319299508725
  -0.5905683344274864  -0.5905682738945504  -0.5499619589033010
  -0.5905683344274860  -0.5905682738945508  -0.5499619589033007
  -0.6098999328539907  -0.5560691104392067  -0.5646319299508726
  -0.6011666068086122  -0.5321919324352778  -0.5961295646996749
  -0.5643561432933830  -0.5257049577231423  -0.6365032921771320
  -0.5560690350697614  -0.6099000061647953  -0.5646319249889851
  -0.5840373307175787  -0.5840372462628211  -0.5637383181104746
  -0.5840015491249990  -0.5687727576166004  -0.5791715987622403
  -0.5559652090712025  -0.5698884974397959  -0.6050865944542368
  -0.5321920079747703  -0.6011665343872490  -0.5961295702954240
  -0.5687726733260291  -0.5840016319377741  -0.5791715980360043
  -0.5789128285008123  -0.5789127464269569  -0.5742124772430385
  -0.5603968608484161  -0.5879850181379525  -0.5832915024210046
  -0.5257048975497287  -0.5643562005807716  -0.6365032910820377
  -0.5698885706635278  -0.5559651372573241  -0.6050865914739194
  -0.5879849473546983  -0.5603969313108800  -0.5832915060770570
  -0.5783389423498397  -0.5783388857019949  -0.5753678832248493
  -0.6123619520293746  -0.6123618846623076  -0.5000257612559583
  -0.6412075581980330  -0.5643047046628320  -0.5200125648531098
  -0.6411459497054399  -0.5255979302116087  -0.5591767939870023
  -0.6121653249736849  -0.5060263218983791  -0.6076108758456028
  -0.5643046200186002  -0.6412076371819492  -0.5200125593148740
  -0.6009586811631612  -0.6009585902238979  -0.5269700526317781
  -0.6095756653925694  -0.5696823432521296  -0.5512526969983631
  -0.5901680583237147  -0.5552262643884200  -0.5860251345016669
  -0.5255980136377295  -0.6411458752421662  -0.5591768009494220
  -0.5696822532204484  -0.6095757511347500  -0.5512526952262261
  -0.5877166349496982  -0.5877165506406111  -0.5560381399746831
  -0.5780450993573055  -0.5798236272946307  -0.5741675925545608
  -0.5060262561479004  -0.6121653819140059  -0.6076108732363328
  -0.5552263416081258  -0.5901679866840778  -0.5860251334863710
  -0.5798235552080683  -0.5780451692483035  -0.5741675949882373
  -0.5786057708898321  -0.5786057149127136  -0.5748310956823148
  
  -0.4500000000000000
  
  -0.5786658346952785  -0.5786656275078708  -0.5747103125030373
  -0.5802094809491458  -0.5779394994315160  -0.5738840416090792
  -0.5573598013197758  -0.5892454968868420  -0.5849271717670147
  -0.5108188060435795  -0.6102522064112114  -0.6055215867022911
  -0.5779392639228815  -0.5802097204015509  -0.5738840366901943
  -0.5875392614102212  -0.5875389570115175  -0.5564131471266205
  -0.5707462945887283  -0.6080332244962657  -0.5518552936430982
  -0.5288094996839389  -0.6381688719946492  -0.5595542903607295
  -0.5892457163862141  -0.5573595681154023  -0.5849271728606132
  -0.6080329039097303  -0.5707466300025424  -0.5518552999689700
  -0.5999702341196866  -0.5999699115605457  -0.5292181245879615
  -0.5648433310819472  -0.6382296442999441  -0.5230821469607012
  -0.6102519813828720  -0.5108190627144351  -0.6055215969606906
  -0.6381690985194975  -0.5288092432662861  -0.5595542743389150
  -0.6382293922242334  -0.5648436030647925  -0.5230821608293180
  -0.6104466175470373  -0.6104463639366852  -0.5046881848050947
  -0.5782305765875103  -0.5782303673178298  -0.5755858255818702
  -0.5878047635883249  -0.5609446955525401  -0.5829464884827268
  -0.5709527474930273  -0.5567339884156499  -0.6033740351332386
  -0.5289179790549623  -0.5648976837749790  -0.6333532807983853
  -0.5609444622609484  -0.5878049943169534  -0.5829464803177232
  -0.5789673555268701  -0.5789670641013709  -0.5741027259298304
  -0.5695319591517999  -0.5837106661008840  -0.5787185894584472
  -0.5345921252071242  -0.6001771503251322  -0.5949778549611185
  -0.5567342061943500  -0.5709525293231463  -0.6033740406353665
  -0.5837103587315067  -0.5695322712782179  -0.5787185923073583
  -0.5837453672807772  -0.5837450694695867  -0.5643430163014141
  -0.5568345727370140  -0.6083531888283986  -0.5655454502045844
  -0.5648974590199950  -0.5289182137715591  -0.6333532852472278
  -0.6001773669563339  -0.5345918959609538  -0.5949778424161987
  -0.6083529535247763  -0.5568348176974613  -0.5655454621314866
  -0.5896401987457006  -0.5896399735078884  -0.5519503036186748
  -0.5896401987457007  -0.5896399735078884  -0.5519503036186746
  -0.6083529535247765  -0.5568348176974613  -0.5655454621314862
  -0.6001773669563343  -0.5345918959609539  -0.5949778424161983
  -0.5648974590199952  -0.5289182137715590  -0.6333532852472277
  -0.5568345727370140  -0.6083531888283986  -0.5655454502045844
  -0.5837453672807773  -0.5837450694695868  -0.5643430163014139
  -0.5837103587315069  -0.5695322712782181  -0.5787185923073577
  -0.5567342061943503  -0.5709525293231464  -0.6033740406353660
  -0.5345921252071243  -0.6001771503251319  -0.5949778549611188
  -0.5695319591518000  -0.5837106661008840  -0.5787185894584473
  -0.5789673555268702  -0.5789670641013711  -0.5741027259298301
  -0.5609444622609485  -0.5878049943169533  -0.5829464803177233
  -0.5289179790549622  -0.5648976837749787  -0.6333532807983855
  -0.5709527474930273  -0.5567339884156496  -0.6033740351332386
  -0.5878047635883249  -0.5609446955525400  -0.5829464884827267
  -0.5782305765875103  -0.5782303673178297  -0.5755858255818702
  -0.6104466175470376  -0.6104463639366849  -0.5046881848050946
  -0.6382293922242334  -0.5648436030647924  -0.5230821608293182
  -0.6381690985194978  -0.5288092432662858  -0.5595542743389150
  -0.6102519813828723  -0.5108190627144351  -0.6055215969606904
  -0.5648433310819472  -0.6382296442999441  -0.5230821469607013
  -0.5999702341196868  -0.5999699115605459  -0.5292181245879615
  -0.6080329039097302  -0.5707466300025423  -0.5518552999689701
  -0.5892457163862143  -0.5573595681154022  -0.5849271728606129
  -0.5288094996839392  -0.6381688719946489  -0.5595542903607296
  -0.5707462945887282  -0.6080332244962658  -0.5518552936430984
  -0.5875392614102212  -0.5875389570115174  -0.5564131471266203
  -0.5779392639228814  -0.5802097204015507  -0.5738840366901943
  -0.5108188060435798  -0.6102522064112111  -0.6055215867022911
  -0.5573598013197759  -0.5892454968868419  -0.5849271717670146
  -0.5802094809491460  -0.5779394994315159  -0.5738840416090792
  -0.5786658346952790  -0.5786656275078705  -0.5747103125030373
  
  -0.5500000000000000
  
  -0.5787108980193634  -0.5787108305061186  -0.5746194141938999
  -0.5805099200047434  -0.5778545430862743  -0.5736657213139371
  -0.5591864171017932  -0.5884394680258173  -0.5839944720614680
  -0.5150211233152122  -0.6085384186038096  -0.6036838871647241
  -0.5778544635385741  -0.5805100023841164  -0.5736657180802598
  -0.5873533971374942  -0.5873533026187304  -0.5568052485150574
  -0.5716490581262478  -0.6066394345493806  -0.5524544784803374
  -0.5316460071866735  -0.6354700865504297  -0.5599377573820654
  -0.5884395509629157  -0.5591863278942792  -0.5839944739110754
  -0.6066393369039095  -0.5716491599138009  -0.5524544803788191
  -0.5990629240955684  -0.5990628204888201  -0.5312695644228522
  -0.5653313910290134  -0.6355297745167919  -0.5258348828480629
  -0.6085383456828165  -0.5150212053194082  -0.6036838907118236
  -0.6354701748552301  -0.5316459105571180  -0.5599377489126415
  -0.6355296814993082  -0.5653314893354677  -0.5258348895795428
  -0.6087284915450640  -0.6087284064758324  -0.5088215313159071
  -0.5781398798732894  -0.5781398106831862  -0.5757678686791302
  -0.5876145749429943  -0.5614597193388844  -0.5826423387245946
  -0.5718524074793944  -0.5574471421548357  -0.6018617015257136
  -0.5317554403961604  -0.5653870801221298  -0.6305343775243804
  -0.5614596387382856  -0.5876146565255281  -0.5826423341161020
  -0.5790041581561818  -0.5790040658736282  -0.5740282889715962
  -0.5701877394859696  -0.5834434989165103  -0.5783421351690884
  -0.5367385345025547  -0.5992669491981513  -0.5939620098784013
  -0.5574472250689508  -0.5718523223232289  -0.6018617056404706
  -0.5834434049595030  -0.5701878348453431  -0.5783421359399996
  -0.5834764603257272  -0.5834763647405153  -0.5648987095355708
  -0.5575444522236535  -0.6069524472473617  -0.5663505191796552
  -0.5653870074971565  -0.5317555158313315  -0.6305343790281104
  -0.5992670342011071  -0.5367384472123776  -0.5939620029967025
  -0.6069523617380748  -0.5575445391862972  -0.5663505252086493
  -0.5888249562398664  -0.5888248809386856  -0.5536880263258925
  -0.5888249562398659  -0.5888248809386853  -0.5536880263258930
  -0.6069523617380740  -0.5575445391862972  -0.5663505252086499
  -0.5992670342011067  -0.5367384472123771  -0.5939620029967032
  -0.5653870074971563  -0.5317555158313313  -0.6305343790281107
  -0.5575444522236529  -0.6069524472473620  -0.5663505191796554
  -0.5834764603257272  -0.5834763647405152  -0.5648987095355709
  -0.5834434049595029  -0.5701878348453430  -0.5783421359399998
  -0.5574472250689511  -0.5718523223232286  -0.6018617056404707
  -0.5367385345025542  -0.5992669491981520  -0.5939620098784012
  -0.5701877394859698  -0.5834434989165106  -0.5783421351690882
  -0.5790041581561816  -0.5790040658736285  -0.5740282889715960
  -0.5614596387382861  -0.5876146565255282  -0.5826423341161014
  -0.5317554403961604  -0.5653870801221307  -0.6305343775243796
  -0.5718524074793943  -0.5574471421548362  -0.6018617015257131
  -0.5876145749429945  -0.5614597193388849  -0.5826423387245939
  -0.5781398798732896  -0.5781398106831861  -0.5757678686791300
  -0.6087284915450639  -0.6087284064758322  -0.5088215313159077
  -0.6355296814993078  -0.5653314893354677  -0.5258348895795431
  -0.6354701748552298  -0.5316459105571179  -0.5599377489126418
  -0.6085383456828163  -0.5150212053194076  -0.6036838907118244
  -0.5653313910290131  -0.6355297745167923  -0.5258348828480632
  -0.5990629240955681  -0.5990628204888201  -0.5312695644228524
  -0.6066393369039093  -0.5716491599138008  -0.5524544803788193
  -0.5884395509629154  -0.5591863278942790  -0.5839944739110758
  -0.5316460071866732  -0.6354700865504300  -0.5599377573820652
  -0.5716490581262476  -0.6066394345493812  -0.5524544784803370
  -0.5873533971374940  -0.5873533026187306  -0.5568052485150573
  -0.5778544635385739  -0.5805100023841164  -0.5736657180802596
  -0.5150211233152122  -0.6085384186038104  -0.6036838871647233
  -0.5591864171017928  -0.5884394680258180  -0.5839944720614674
  -0.5805099200047434  -0.5778545430862746  -0.5736657213139364
  -0.5787108980193637  -0.5787108305061183  -0.5746194141938998
  
  -1.0500000000000000
  
  -0.5788447564468238  -0.5788446903679983  -0.5743496951916953
  -0.5812857121121727  -0.5776552489792405  -0.5730805652096184
  -0.5653898915550188  -0.5856301396813610  -0.5808369909227491
  -0.5301294693566972  -0.6021448882508149  -0.5969792955145095
  -0.5776551704885928  -0.5812857927238705  -0.5730805625609510
  -0.5864565822674970  -0.5864564849629388  -0.5586926421209080
  -0.5746463965919602  -0.6013222277211615  -0.5551514183827103
  -0.5420481114570270  -0.6250648357485047  -0.5616741012157900
  -0.5856302207716060  -0.5653898046821356  -0.5808369937258618
  -0.6013221268342305  -0.5746465004096528  -0.5551514201967753
  -0.5955037543197974  -0.5955036487673131  -0.5392130218159080
  -0.5672854935504436  -0.6251163408592002  -0.5361126086915267
  -0.6021448160427135  -0.5301295466089633  -0.5969792997458637
  -0.6250649224608942  -0.5420480188041755  -0.5616740941323756
  -0.6251162482805158  -0.5672855899950615  -0.5361126145873154
  -0.6023094707072313  -0.6023093887938070  -0.5238766092003015
  -0.5779056470341459  -0.5779055797623182  -0.5762379751505659
  -0.5866864261461728  -0.5636721646453334  -0.5814402189218383
  -0.5748284672330175  -0.5604165066819294  -0.5962428802903753
  -0.5421517440421570  -0.5673420404532258  -0.6198342484619722
  -0.5636720852425966  -0.5866865062093743  -0.5814402151125262
  -0.5790925461091516  -0.5790924518585693  -0.5738499413969221
  -0.5724917415893492  -0.5824334932536421  -0.5770826905637992
  -0.5448648964282051  -0.5956852436741991  -0.5901536538132179
  -0.5604165867732795  -0.5748283846521963  -0.5962428846263356
  -0.5824333965999869  -0.5724918392174263  -0.5770826912622236
  -0.5824594619983275  -0.5824593648104018  -0.5669938831004104
  -0.5604962711700516  -0.6015928100330373  -0.5691485051557474
  -0.5673419702313116  -0.5421518156020350  -0.6198342501455294
  -0.5956853263769110  -0.5448648128714429  -0.5901536474798749
  -0.6015927255530222  -0.5604963567391354  -0.5691485101832754
  -0.5859623770691772  -0.5859623043336815  -0.5597287473048008
  -0.5859623770691775  -0.5859623043336813  -0.5597287473048007
  -0.6015927255530225  -0.5604963567391352  -0.5691485101832753
  -0.5956853263769107  -0.5448648128714423  -0.5901536474798755
  -0.5673419702313117  -0.5421518156020348  -0.6198342501455294
  -0.5604962711700519  -0.6015928100330373  -0.5691485051557471
  -0.5824594619983279  -0.5824593648104015  -0.5669938831004107
  -0.5824333965999865  -0.5724918392174263  -0.5770826912622241
  -0.5604165867732790  -0.5748283846521962  -0.5962428846263363
  -0.5448648964282052  -0.5956852436741989  -0.5901536538132179
  -0.5724917415893493  -0.5824334932536418  -0.5770826905637992
  -0.5790925461091511  -0.5790924518585692  -0.5738499413969225
  -0.5636720852425963  -0.5866865062093742  -0.5814402151125266
  -0.5421517440421572  -0.5673420404532258  -0.6198342484619721
  -0.5748284672330174  -0.5604165066819293  -0.5962428802903754
  -0.5866864261461725  -0.5636721646453333  -0.5814402189218388
  -0.5779056470341458  -0.5779055797623179  -0.5762379751505663
  -0.6023094707072316  -0.6023093887938067  -0.5238766092003019
  -0.6251162482805165  -0.5672855899950610  -0.5361126145873152
  -0.6250649224608938  -0.5420480188041756  -0.5616740941323758
  -0.6021448160427136  -0.5301295466089635  -0.5969792997458632
  -0.5672854935504441  -0.6251163408591998  -0.5361126086915267
  -0.5955037543197979  -0.5955036487673125  -0.5392130218159084
  -0.6013221268342306  -0.5746465004096531  -0.5551514201967749
  -0.5856302207716061  -0.5653898046821358  -0.5808369937258616
  -0.5420481114570271  -0.6250648357485041  -0.5616741012157902
  -0.5746463965919606  -0.6013222277211614  -0.5551514183827102
  -0.5864565822674968  -0.5864564849629392  -0.5586926421209077
  -0.5776551704885932  -0.5812857927238706  -0.5730805625609505
  -0.5301294693566975  -0.6021448882508145  -0.5969792955145098
  -0.5653898915550188  -0.5856301396813608  -0.5808369909227494
  -0.5812857121121728  -0.5776552489792407  -0.5730805652096183
  -0.5788447564468238  -0.5788446903679983  -0.5743496951916953
