25 1941.5707 1
26 1938.4222 0.998378
27 1935.7294 0.996991
28 1933.7538 0.995974
29 1931.9667 0.995053
30 1930.7375 0.99442
31 1929.5857 0.993827
32 1928.1800 0.993103
33 1927.1200 0.992557
34 1926.1200 0.992042
35 1924.7500 0.991337
36 1923.6000 0.990744
37 1922.4500 0.990152
38 1921.5000 0.989663
39 1920.5333 0.989165
40 1919.5167 0.988641
41 1918.7333 0.988238
42 1917.6667 0.987688
43 1916.8333 0.987259
44 1916.1333 0.986899
45 1915.3500 0.986495
46 1914.2667 0.985937
47 1913.1500 0.985362
48 1912.2333 0.98489
49 1911.3000 0.984409
50 1910.4333 0.983963
51 1909.5333 0.983499
52 1908.0333 0.982727
53 1906.8750 0.98213
54 1905.5000 0.981422
55 1904.8667 0.981096
56 1903.4000 0.98034
57 1902.7500 0.980006
58 1901.6667 0.979448
59 1900.5000 0.978847
60 1899.2500 0.978203
61 1898.1333 0.977628
62 1897.1000 0.977096
63 1896.0667 0.976563
64 1894.7667 0.975894
65 1893.9000 0.975447
66 1892.6333 0.974795
67 1891.5000 0.974211
68 1890.6750 0.973786
69 1889.3000 0.973078
70 1888.3333 0.97258
71 1886.9000 0.971842
72 1886.1667 0.971464
73 1884.6333 0.970675
74 1883.2000 0.969936
75 1882.0667 0.969353
76 1881.1000 0.968855
77 1879.8333 0.968202
78 1878.6000 0.967567
79 1877.7000 0.967104
80 1876.3667 0.966417
81 1875.3000 0.965867
82 1874.1000 0.965249
83 1872.5000 0.964425
84 1871.3667 0.963842
85 1869.8000 0.963035
86 1869.5750 0.962919
87 1867.7333 0.96197
88 1866.8000 0.96149
89 1865.7000 0.960923
90 1864.3000 0.960202
91 1863.4000 0.959738
92 1861.9667 0.959
93 1861.1000 0.958554
94 1860.0667 0.958022
95 1858.5750 0.957253
96 1857.2000 0.956545
97 1856.3000 0.956082
98 1855.1500 0.955489
99 1853.9333 0.954863
100 1852.6667 0.95421
101 1851.3000 0.953506
102 1850.5667 0.953129
103 1849.0000 0.952322
104 1847.8667 0.951738
105 1846.7500 0.951163
106 1846.0667 0.950811
107 1844.4000 0.949953
108 1843.4000 0.949437
109 1842.2000 0.948819
110 1841.5000 0.948459
111 1840.3333 0.947858
112 1839.2000 0.947274
113 1838.1333 0.946725
114 1836.8667 0.946073
115 1835.6000 0.94542
116 1834.6667 0.944939
117 1833.4667 0.944321
118 1832.0333 0.943583
119 1830.4667 0.942776
120 1829.4667 0.942261
121 1828.5333 0.94178
122 1827.1000 0.941042
123 1826.3333 0.940647
124 1825.0667 0.939995
125 1823.8000 0.939343
126 1822.4333 0.938639
127 1821.2250 0.938016
128 1820.0333 0.937403
129 1818.7000 0.936716
130 1817.4667 0.936081
131 1816.4333 0.935548
132 1815.1250 0.934875
133 1813.9333 0.934261
134 1812.6333 0.933591
135 1811.3333 0.932922
136 1809.8667 0.932166
137 1808.7250 0.931578
138 1807.4667 0.93093
139 1806.2800 0.930319
140 1804.8000 0.929557
141 1803.6333 0.928956
142 1802.4500 0.928346
143 1801.3667 0.927788
144 1800.0200 0.927095
145 1798.8333 0.926484
146 1797.8000 0.925951
147 1796.8000 0.925436
148 1795.4833 0.924758
149 1794.3000 0.924149
150 1793.4000 0.923685
151 1792.1000 0.923016
152 1790.8000 0.922346
153 1789.5333 0.921694
154 1788.1000 0.920955
155 1786.8333 0.920303
156 1785.8333 0.919788
157 1784.6000 0.919153
158 1783.4333 0.918552
159 1782.3000 0.917968
160 1781.1000 0.91735
161 1780.0333 0.916801
162 1778.9600 0.916248
163 1777.7333 0.915616
164 1776.4500 0.914955
165 1775.4333 0.914431
166 1774.1400 0.913765
167 1772.9500 0.913152
168 1771.6800 0.912498
169 1770.0333 0.91165
170 1768.9800 0.911108
171 1767.7333 0.910466
172 1766.7333 0.909951
173 1765.0833 0.909101
174 1763.4000 0.908234
175 1761.9400 0.907482
176 1760.2000 0.906586
177 1758.7750 0.905852
178 1757.1200 0.904999
179 1755.2667 0.904045
180 1753.5000 0.903135
181 1751.6833 0.902199
182 1750.4333 0.901555
183 1748.8400 0.900735
184 1747.6667 0.90013
185 1746.5000 0.899529
186 1745.0500 0.898783
187 1743.7333 0.898104
188 1742.7000 0.897572
189 1741.5000 0.896954
190 1740.3000 0.896336
191 1739.0667 0.895701
192 1737.8167 0.895057
193 1736.2000 0.894224
194 1735.2000 0.893709
195 1734.1000 0.893143
196 1732.8000 0.892473
197 1731.5333 0.891821
198 1730.5333 0.891306
199 1729.2200 0.890629
200 1727.7500 0.889872
201 1726.4000 0.889177
202 1725.4333 0.888679
203 1723.9800 0.887931
204 1722.4000 0.887117
205 1721.3000 0.88655
206 1719.5800 0.885664
207 1718.3333 0.885022
208 1717.0000 0.884336
209 1715.3800 0.883501
210 1714.1000 0.882842
211 1712.7750 0.882159
212 1711.4000 0.881451
213 1710.1200 0.880792
214 1708.4500 0.879932
215 1707.3333 0.879357
216 1705.9000 0.878619
217 1704.6667 0.877983
218 1703.5667 0.877417
219 1701.8167 0.876515
220 1700.3000 0.875734
221 1699.1667 0.875151
222 1697.7200 0.874405
223 1696.2000 0.873623
224 1694.4500 0.872721
225 1692.8000 0.871871
226 1691.6000 0.871253
227 1690.0800 0.87047
228 1688.8667 0.869846
229 1687.7333 0.869262
230 1686.2833 0.868515
231 1684.2667 0.867476
232 1683.0667 0.866858
233 1681.7800 0.866196
234 1680.0333 0.865296
235 1678.7000 0.864609
236 1677.0833 0.863777
237 1675.6000 0.863013
238 1674.4667 0.862429
239 1672.7667 0.861553
240 1671.1000 0.860695
241 1669.8333 0.860042
242 1668.5400 0.859376
243 1666.9250 0.858545
244 1665.6000 0.857862
245 1664.4667 0.857278
246 1662.8800 0.856461
247 1661.0667 0.855527
248 1659.9000 0.854926
249 1658.3000 0.854102
250 1656.7000 0.853278
251 1655.5250 0.852673
252 1653.8800 0.851826
253 1652.3333 0.851029
254 1650.8600 0.85027
255 1649.1500 0.84939
256 1647.8000 0.848694
257 1646.5000 0.848025
258 1645.0667 0.847287
259 1643.6000 0.846531
260 1642.0500 0.845733
261 1640.4333 0.8449
262 1639.0333 0.844179
263 1637.5800 0.843431
264 1635.7000 0.842462
265 1634.4333 0.84181
266 1632.5167 0.840823
267 1630.8333 0.839956
268 1629.4000 0.839217
269 1628.0600 0.838527
270 1626.1667 0.837552
271 1624.7000 0.836797
272 1623.2600 0.836055
273 1621.4750 0.835136
274 1620.2667 0.834513
275 1618.9200 0.83382
276 1617.2667 0.832968
277 1615.2167 0.831912
278 1613.3333 0.830942
279 1611.7333 0.830118
280 1610.1600 0.829308
281 1608.8333 0.828625
282 1607.5667 0.827972
283 1605.3167 0.826813
284 1603.2333 0.82574
285 1602.0000 0.825105
286 1600.4200 0.824291
287 1599.0000 0.82356
288 1597.7333 0.822908
289 1595.5333 0.821775
290 1594.0667 0.821019
291 1592.2667 0.820092
292 1590.3200 0.819089
293 1588.8000 0.818307
294 1587.3667 0.817568
295 1585.5500 0.816633
296 1583.5000 0.815577
297 1582.2000 0.814907
298 1580.5200 0.814042
299 1578.6667 0.813087
300 1577.1000 0.81228
301 1575.4000 0.811405
302 1573.6000 0.810478
303 1571.6000 0.809448
304 1570.0667 0.808658
305 1568.2000 0.807697
306 1566.5333 0.806838
307 1565.1333 0.806117
308 1563.0167 0.805027
309 1560.7333 0.803851
310 1559.2000 0.803061
311 1557.4200 0.802144
312 1555.6000 0.801207
313 1554.0333 0.8004
314 1551.9833 0.799344
315 1549.9333 0.798288
316 1548.5000 0.79755
317 1546.5200 0.79653
318 1544.9333 0.795713
319 1543.3333 0.794889
320 1542.0250 0.794215
321 1540.4250 0.793391
322 1538.6000 0.792451
323 1536.7000 0.791473
324 1534.4667 0.790322
325 1532.4400 0.789278
326 1530.4750 0.788266
327 1528.5000 0.787249
328 1526.5200 0.786229
329 1524.6000 0.785241
330 1523.2333 0.784537
331 1521.1667 0.783472
332 1518.9667 0.782339
333 1517.5000 0.781584
334 1515.6800 0.780646
335 1514.0667 0.779815
336 1512.3000 0.778905
337 1509.8000 0.777618
338 1507.4667 0.776416
339 1506.0000 0.775661
340 1503.9000 0.774579
341 1502.0667 0.773635
342 1500.6667 0.772914
343 1498.5000 0.771798
344 1496.0333 0.770527
345 1494.0200 0.76949
346 1492.4667 0.76869
347 1490.9333 0.767901
348 1488.6167 0.766707
349 1486.1667 0.765446
350 1484.6333 0.764656
351 1482.4200 0.763516
352 1480.2333 0.76239
353 1478.4667 0.76148
354 1476.1167 0.760269
355 1473.8667 0.75911
356 1472.0000 0.758149
357 1470.3400 0.757294
358 1468.3000 0.756243
359 1466.6333 0.755385
360 1464.5500 0.754312
361 1462.3000 0.753153
362 1460.1200 0.75203
363 1458.0333 0.750956
364 1456.2000 0.750011
365 1453.7333 0.748741
366 1451.4333 0.747556
367 1449.5333 0.746578
368 1447.3600 0.745458
369 1445.4333 0.744466
370 1443.8000 0.743625
371 1441.1333 0.742251
372 1438.8333 0.741067
373 1436.3400 0.739782
374 1434.3000 0.738732
375 1432.6333 0.737873
376 1430.5800 0.736816
377 1428.3250 0.735654
378 1426.0333 0.734474
379 1423.6400 0.733241
380 1421.4333 0.732105
381 1419.0200 0.730862
382 1417.0750 0.72986
383 1415.0333 0.728809
384 1412.5800 0.727545
385 1410.4333 0.726439
386 1408.3250 0.725353
387 1406.5000 0.724413
388 1403.7667 0.723006
389 1401.4000 0.721787
390 1398.9000 0.720499
391 1397.1000 0.719572
392 1394.7667 0.71837
393 1391.9000 0.716894
394 1390.0333 0.715932
395 1387.6400 0.7147
396 1385.4000 0.713546
397 1383.5000 0.712567
398 1380.9250 0.711241
399 1378.6667 0.710078
400 1376.3600 0.70889
401 1374.3333 0.707846
402 1371.3667 0.706318
403 1368.6000 0.704893
404 1366.4333 0.703777
405 1362.5000 0.701751
406 1360.8333 0.700893
407 1358.3800 0.699629
408 1356.2333 0.698524
409 1354.0250 0.697386
410 1351.3000 0.695983
411 1348.6667 0.694627
412 1346.2600 0.693387
413 1343.6750 0.692056
414 1341.4000 0.690884
415 1339.1667 0.689734
416 1336.3167 0.688266
417 1333.1667 0.686643
418 1330.7667 0.685407
419 1328.0600 0.684013
420 1325.2667 0.682575
421 1322.7667 0.681287
422 1320.2333 0.679982
423 1317.9667 0.678815
424 1315.4800 0.677534
425 1313.0333 0.676274
426 1310.1333 0.67478
427 1306.9667 0.673149
428 1304.1000 0.671673
429 1301.1333 0.670145
430 1299.0667 0.66908
431 1296.5333 0.667775
432 1292.9667 0.665939
433 1290.0800 0.664452
434 1287.2000 0.662968
435 1284.3800 0.661516
436 1281.5250 0.660045
437 1279.0333 0.658762
438 1276.2400 0.657323
439 1273.9000 0.656118
440 1270.6333 0.654436
441 1267.4000 0.65277
442 1264.4800 0.651267
443 1262.0667 0.650024
444 1258.9333 0.64841
445 1255.8667 0.64683
446 1253.3000 0.645508
447 1250.0500 0.643834
448 1247.0333 0.642281
449 1243.8600 0.640646
450 1240.4250 0.638877
451 1236.9400 0.637082
452 1234.0667 0.635602
453 1231.1800 0.634115
454 1228.0500 0.632503
455 1224.5200 0.630685
456 1221.4333 0.629095
457 1218.3200 0.627492
458 1215.2750 0.625924
459 1211.3200 0.623887
460 1208.1667 0.622263
461 1205.4333 0.620855
462 1202.1200 0.619148
463 1198.6750 0.617374
464 1195.9000 0.615945
465 1193.3667 0.61464
466 1190.1800 0.612999
467 1186.5000 0.611103
468 1183.1600 0.609383
469 1179.2750 0.607382
470 1176.1333 0.605764
471 1172.9000 0.604099
472 1169.7333 0.602468
473 1166.4000 0.600751
474 1162.3500 0.598665
475 1159.1000 0.596991
476 1155.6400 0.595209
477 1151.7333 0.593197
478 1148.8333 0.591703
479 1145.0500 0.589754
480 1140.8000 0.587566
481 1136.8400 0.585526
482 1133.2667 0.583686
483 1129.5750 0.581784
484 1125.6200 0.579747
485 1121.4000 0.577574
486 1118.2000 0.575925
487 1113.6000 0.573556
488 1109.7667 0.571582
489 1107.0667 0.570191
490 1104.1800 0.568705
491 1098.8750 0.565972
492 1095.1000 0.564028
493 1091.3600 0.562102
494 1087.5000 0.560114
495 1084.3000 0.558465
496 1079.2667 0.555873
497 1074.3333 0.553332
498 1070.8667 0.551547
499 1066.6600 0.54938
500 1062.5667 0.547272
501 1057.9500 0.544894
502 1053.0000 0.542344
503 1049.5667 0.540576
504 1045.1200 0.538286
505 1040.3000 0.535803
506 1035.6200 0.533393
507 1031.1000 0.531065
508 1026.7333 0.528816
509 1022.7000 0.526738
510 1017.8600 0.524246
511 1013.6667 0.522086
512 1009.0500 0.519708
513 1004.2800 0.517251
514 999.3000 0.514686
515 993.9500 0.511931
516 988.2000 0.508969
517 983.8667 0.506738
518 979.0000 0.504231
519 974.1250 0.50172
520 969.5333 0.499355
521 964.3800 0.496701
522 958.5333 0.49369
523 952.4667 0.490565
524 947.0000 0.487749
525 942.0000 0.485174
526 936.7400 0.482465
527 930.4667 0.479234
528 924.9167 0.476375
529 918.8000 0.473225
530 914.0500 0.470779
531 908.0100 0.467668
532 901.9375 0.46454
533 896.0120 0.461488
534 890.0833 0.458435
535 885.3033 0.455973
536 878.2667 0.452349
537 871.6533 0.448942
538 864.8100 0.445418
539 858.4633 0.442149
540 853.8167 0.439756
541 846.8560 0.436171
542 840.0867 0.432684
543 833.3483 0.429213
544 825.6800 0.425264
545 818.3260 0.421476
546 811.3300 0.417873
547 805.8333 0.415042
548 797.3983 0.410698
549 790.1100 0.406944
550 782.0700 0.402803
551 774.1533 0.398725
552 766.4583 0.394762
553 757.2833 0.390036
554 750.7700 0.386682
555 742.3160 0.382328
556 733.5950 0.377836
557 723.3720 0.372571
558 715.7267 0.368633
559 705.7940 0.363517
560 696.7667 0.358868
561 688.5175 0.354619
562 677.8040 0.349101
563 667.1467 0.343612
564 657.8700 0.338834
565 647.4640 0.333474
566 634.1233 0.326603
567 620.7467 0.319714
568 606.9100 0.312587
569 597.4333 0.307706
570 587.5967 0.30264
571 572.9800 0.295112
572 557.8267 0.287307
573 546.4900 0.281468
574 529.0480 0.272485
575 511.1233 0.263252
576 494.2600 0.254567
577 474.2033 0.244237
578 457.7433 0.235759
579 435.1100 0.224102
580 410.7633 0.211562
581 392.4367 0.202123
582 363.6220 0.187282
583 332.4467 0.171226
584 308.7100 0.159
585 266.9317 0.137482
586 224.8600 0.115813
587 194.9867 0.100427
588 153.6520 0.079138
589 121.9100 0.0627894
590 95.6070 0.0492421
591 75.3242 0.0387955
592 62.5540 0.0322182
593 52.1395 0.0268543
594 43.1867 0.0222432
595 36.9036 0.0190071
596 32.0525 0.0165085
597 27.9352 0.0143879
598 24.5395 0.012639
599 21.2412 0.0109402
600 18.8590 0.00971327
601 16.9482 0.00872912
602 15.1963 0.00782681
603 13.2668 0.00683302
604 11.9357 0.00614745
605 11.1023 0.00571821
