Sample No.	Vial No.	Paired-Sample Box No.	Depth in hole (meters)	Ba ppm	Cr ppm	Cu ppm	Fe ppm	La ppm	Mn ppm	Ni ppm	Rb ppm	Ti WT%	V ppm	Zn ppm	Zr ppm
BL-3141	4112	500	5.30	768	98	120	4.46	29	297	85	24	0.72	204	95	167
BL-3139	4114	501	5.41	340	77	66	2.77	23	148	55	17	0.45	164	151	100
BL-3547	4118	503	5.51	389	85	57	2.82	16	139	61	19	0.43	186	111	72
BL-3176	4137	524	5.66	417	82	59	2.43	13	150	76	17	0.37	150	83	62
BL-3193	4152	510	5.81	266	99	56	2.30	31	136	74	17	0.36	99	83	80
BL-3611	4162	507	5.96	256	69	63	2.57	50	142	62	21	0.40	120	88	74
BL-3171	4135	515	6.26	441	150	68	2.89	29	137	63	19	0.43	150	93	90
BL-3191	4146	518	6.41	356	63	64	2.87	41	144	62	18	0.44	189	116	81
BL-3558	4123	521	6.57	265	73	73	2.91	27	148	62	17	0.44	114	88	91
BL-3617	4166	525	6.71	319	36	72	7.44	16		77	18	0.54	36	89	96
BL-3230	4174	527	6.82	268	72	68	8.11	26		80	15	0.56	160	91	76
BL-3636	4178	528	6.87	337	113	72	4.33	19	774	85	16	0.53	95	102	87
BL-3242	4182	529	6.92	331	102	75	3.65	16	337	71	21	0.50	64	91	101
BL-3654	4138	531	7.05	456	136	79	4.18	22	475	67	20	0.56	136	110	106
BL-3258	4192	532	7.11	393	179	78	5.34	49		88	18	0.54	179	97	90
BL-3669	4200	534	7.26	346	147	76	6.31	52		64	19	0.59	147	97	95
BL-3288	4212	537	7.41	288	145	70	4.92	16		84	21	0.55	42	96	109
BL-3633	4176	540	7.57	344	119	73	4.47	38	944	79	23	0.52	87	101	97
BL-3645	4184	542	7.67	379	198	73	4.34	19	712	69	19	0.54	198	99	105
BL-3261	4194	547	7.78	558	108	83	5.17	25		93	16	0.64	101	106	158
BL-3678	4206	547	7.92	326	26	76	5.23	11		70	23	0.56	26	111	117
BL-3690	4214	549	8.01	408	36	68	7.79	15		50	18	0.58	221	97	79
BL-3697	4219	551	8.13	335	239	68	5.53	29		72	18	0.53	239	97	101
BL-3722	4721	804	8.29	335	148	68	2.97	32	194	74	17	0.46	148	105	81
BL-3734	4727	810	8.44	378	84	69	3.02	25	169	69	18	0.46	115	107	86
BL-3746	4733	816	8.59	302	103	68	2.88	24	160	76	19	0.44	150	101	84
BL-3720	4720	803	9.28	338	32	67	2.57	23	154	63	18	0.43	32	140	108
BL-3766	4746	826	9.57	225	76	55	1.90	17	128	46	13	0.33	119	63	74
BL-3774	4747	830	9.76	241	72	42	1.56	23	118	40	15	0.27	108	258	56
BL-3786	4753	836	9.91	348	155	59	2.03	33	148	48	19	0.36	155	121	86
BL-3790	4755	838	9.96	295	81	61	2.26	32	176	51	26	0.40	126	83	76
BL-3794	4757	840	10.04	339	102	111	2.86	14	204	67	26	0.53	169	64	111
BL-3798	4759	842	10.10	397	97	96	3.15	24	179	55	27	0.57	82	78	117
BL-3760	4740	823	10.16	650	73	95	3.24	16	193	57	28	0.58	102	102	132
BL-3771	4745	828	10.27	469	112	95	4.07	35	254	58	31	0.65	93	113	156
BL-3776	4748	831	10.32	496	141	103	4.15	34	302	88	30	0.73	74	128	165
BL-3780	4750	833	10.36	476	112	103	3.88	35	221	67	13	0.64	112	122	108
BL-3788	4758	841	10.46	577	130	99	4.53	26	694	73	22	0.66	225	110	131
BL-3796	4758	841	10.57	493	106	101	4.88	28	693	76	28	0.68	106	104	149
BL-3804	4762	845	10.71	516	86	102	6.66	48	923	55	31	0.77	278	107	155
BL-3806	4763	846	10.76	663	122	98	6.12	46	817	102	36	0.76	177	116	159
BL-3808	4764	847	10.80	514	150	106	7.74	25		225	30	0.79	83	102	162
BL-3812	4766	849	10.85	411	177	117	5.72	22	453	57	28	0.77	177	108	145
BL-3828	4774	857	11.05	715	154	105	6.09	39	599	59	30	0.76	93	103	155
BL-3836	4778	861	11.14	659	117	111	5.78	39	616	88	25	0.78	117	110	148
BL-3814	4767	850	11.27	823	138	97	5.30	65	560	71	26	0.73	161	107	146
BL-3822	4771	854	11.37	637	114	99	4.38	48	411	78	26	0.66	196	106	123
BL-3834	4777	860	11.54	315	80	88	3.67	34	294	79	23	0.54	273	87	103
BL-3844	4782	865	11.64	340	83	53	2.56	25	146	70	19	0.38	95	80	71
BL-3852	4786	869	11.74	515	135	115	6.22	45	679	95	24	0.78	226	111	148
BL-3860	4790	873	11.84	542	148	109	7.57	36	914	69	28	0.78	148	113	140
BL-3868	4794	877	11.94	461	131	100	5.50	27	710	86	31	0.71	177	106	156
BL-3876	4798	881	12.04	323	132	93	5.63	26	813	75	22	0.64	172	92	117
BL-3888	4804	887	12.19	354	102	79	2.92	44	236	50	22	0.43	155	77	91
BL-3850	4785	868	12.35	431	142	88	7.60	40		85	33	0.73	148	101	149
BL-3858	4789	872	12.45	536	187	91	4.29	29	365	66	34	0.61	187	96	141
BL-3874	4797	880	12.66	406	185	90	3.68	19	275	80	27	0.53	185	105	115
BL-3878	4799	882	12.73	391	108	94	3.63	13	280	72	25	0.50	158	86	99
BL-3882	4801	884	12.78	560	199	105	4.94	16	502	79	28	0.69	199	110	142
BL-3890	4805	888	12.89	519	144	115	7.09	38	945	93	24	0.83	253	111	150
BL-3894	4807	890	13.02	667	157	103	5.40	41	429	54	32	0.73	157	101	148
BL-3900	4810	893	13.07	638	130	117	5.95	51	646	86	30	0.86	273	130	170
BL-3912	4816	899	13.23	536	162	103	7.15	19	849	67	26	0.84	162	115	169
BL-3924	4822	905	13.38	488	219	96	6.99	29		99	22	0.76	219	117	163
BL-3896	4808	891	13.72	544	149	91	11.12	38		71	26	0.84	92	96	154
BL-3906	4813	896	13.87	598	107	99	5.45	33	442	54	31	0.71	152	106	165
BL-3914	4817	900	13.98	292	81	63	2.77	26	208	51	18	0.35	63	78	78
BL-3922	4821	904	14.07	481	123	94	6.02	13	670	80	23	0.76	213	112	158
BL-3926	4823	906	14.12	669	139	104	5.68	38	492	80	29	0.83	192	122	194
BL-3934	4827	910	14.23		144	102	5.73		535	90		0.82	186	119	182
BL-3938	4829	912	14.33	451	100	88	4.14	23	304	76	28	0.59	88	115	136
BL-3940	4830	913	14.41	564	109	84	4.78	28	408	52	26	0.62	198	109	150
BL-3944	4832	915	14.47	730	225	100	5.25	32	460	69	35	0.80	225	125	172
BL-3952	4836	919	14.56	480	75	94	4.13	10	306	55	27	0.66	146	120	135
BL-3956	4838	921	14.61	477	141	85	3.33	20	217	52	23	0.56	141	118	117
BL-3964	4842	925	14.73	804	55	65	2.44	67	210	49	42	0.38	55	98	121
BL-3972	4846	929	14.82	417	107	76	2.52	21	146	56	23	0.45	107	90	90
BL-3950	4835	918	15.05	269	60	59	1.70	11	119	46	14	0.31	120	143	64
BL-3954	4837	920	15.11		70	57	1.68		115	45	14	0.30	100	92	65
BL-3966	4847	926	15.27		49	57	1.82		143	48	15	0.36	104	94	58
BL-3974	4847	930	15.38		51	57	1.76		132	50	18	0.36	121	135	88
BL-3989	4858	935	15.70		84	69	2.09		135	45	22	0.40	73	105	84
BL-3993	4860	939	15.80		29	45	1.40		110	37	15	0.22	110	58	49
BL-3997	4862	939	15.90		70	60	1.80		127	43	20	0.34	165	83	73
BL-4003	4864	942	16.00	223	43	51	1.43	7	133	43	15	0.27	104	75	60
BL-4001	4853	941	16.22		65	50	1.55		122	42	18	0.27	94	68	58
BL-4007	4867	945	16.33		84	50	1.64		127	47	18	0.27	50	87	62
BL-4019	4872	951	16.87		73	45	1.74		175	59	22	0.30	50	77	84
BL-4021	4873	952	17.04		75	54	1.90		145	41	23	0.32	43	81	83
BL-4029	4877	956	17.14	315	92	74	2.79	18	224	59	24	0.55	92	95	119
BL-4041	4883	962	17.30	224	185	50	1.69	28	123	44	16	0.27	185	66	61
BL-4045	4885	964	17.36		74	62	2.02		158	36	20	0.35	168	71	
BL-4053	4889	968	17.58		155	98	4.78		398	78	18	0.71	310	108	141
BL-4035	4880	959	17.71		107	109	4.71		389	128	25	0.70	202	114	137
BL-4031	4878	957	17.77	445	125	88	4.56	53	378	91	22	0.64	211	91	123
BL-4027	4876	955	17.91		150	83	6.12		796	79	32	0.65	63	104	153
BL-4043	4884	963	18.06		137	98	7.80			61	33	0.86	143	119	154
BL-4047	4886	965	18.11		108	85	4.13		365	58	24	0.62	218	96	116
BL-4055	4890	969	18.21		99	91	5.11		576	55	29	0.66	326	111	127
BL-4059	4893	971	18.31		77	67	2.80		241	48	17	0.41	207	69	76
BL-4061	4893	972	18.37	178	333	48	2.08	19	151	33	13	0.30	333	53	
BL-4067	4895	975	18.59		96	80	4.82		492	57	24	0.59	445	97	122
BL-4075	4899	979	18.69		126	84	5.34		752	58	26	0.60	138	101	133
BL-4902	4902	983	18.79		108	89	4.71		581	74	30	0.61	181	104	150
BL-4906	4906	986	18.89		119	78	3.67		300	49	17	0.47	399	80	109
BL-4085	4908	988	18.95	503	119	83	4.00	21	441	64	27	0.53	316	95	124
BL-4065	4896	974	19.01		100	86	4.27		380	50	21	0.58	393	96	126
BL-4069	4898	976	19.06		47	76	3.86		351	60	16	0.51	525	82	101
BL-4905	4905	982	19.22		112	70	2.55		246	43	17	0.38	676	81	90
BL-4910	4910	990	19.38		206	71	1.69		119	36	14	0.23		46	53
