4.46
2.77
2.82
2.43
2.3
2.57
2.89
2.87
2.91
7.44
8.11
4.33
3.65
4.18
5.34
6.31
4.92
4.47
4.34
5.17
5.23
7.79
5.53
2.97
3.02
2.88
2.57
1.9
1.56
2.03
2.26
2.86
3.15
3.24
4.07
4.15
3.88
4.53
4.88
6.66
6.12
7.74
5.72
6.09
5.78
5.3
4.38
3.67
2.56
6.22
7.57
5.5
5.63
2.92
7.6
4.29
3.68
3.63
4.94
7.09
5.4
5.95
7.15
6.99
5.45
2.77
6.02
5.68
5.73
4.14
4.78
5.25
4.13
3.33
2.44
2.52
1.7
1.68
1.82
1.76
2.09
1.4
1.8
1.43
1.55
1.64
1.74
1.9
2.79
1.69
4.78
4.71
4.56
6.12
7.8
4.13
5.11
2.8
4.82
5.34
4.71
3.67
4
4.27
3.86
2.55
1.69
