2.79376501446
6.51093065165
31.8679744636
6.83212834338
182.103219406
35.2251718922
669.556654588
27.313683148
37.6509010932
175.351477488
9.93750341312
216.729029008
3.28656496567
1.05144963645
4.07497906269
341.220744417
37.4003095069
20.914971813
5.85424391749
410.557039397
40.5353009506
503.942065386
50.9046743738
289.420800031
9.13562590713
13.9887049525
0.943094345621
30.3094186952
61.5730503392
9.89976969441
28.5992362167
3.4775291068
31.4745836534
178.984544621
15.1343007091
68.0980361483
34.3036355148
431.250933527
8.63564859495
5.54013637876
616.06379404
23.7621399116
10.0482190819
32.5412361708
45.5392995764
51.9411884498
302.021742466
4.17621486956
32.0600001376
10.1846544179
6.61806173454
6.6891002383
49.2690466119
8.68481036999
78.9806738428
3.00675984381
42.8040916976
8.02976337137
154.137308817
87.2210499567
4.04792484467
222.722293701
6.86737903019
22.7740897542
4.45986753056
381.430214398
99.9778769554
3.33866998069
80.1098764293
8.13287660505
12.6015406183
0.218846505485
132.289784587
64.241657497
6.69620356636
7.36415620781
30.7760334897
513.629613642
4.02163324827
65.1410222985
0.156508998778
36.0277441791
14.021337036
10.6620028234
38.4261091902
497.913654324
2.41232123586
3.74499685093
12.1664146085
1.1593637373
7.99182409489
4.73476527223
31.9745842936
4.14093514199
1.10035112864
66.4222237461
3.47399934075
6.691299838
96.0324406346
311.162136456
13.8185772097
19.2124732686
8.23501461889
16.8107661339
30.0652922456
1.55908089279
2.4250802432
219.913677143
4.38089272146
410.978160724
126.304541865
0.738529052925
98.5257271489
760.948379938
802.490586363
131.313267159
45.8986447753
2.16352405851
71.9995833611
6.82982869694
2.15124654302
84.3415032899
9.45331536048
8.30663215948
1.14856722833
318.70106919
55.219234753
294.354684096
69.0785072053
17.1768981151
99.7688760229
388.010649617
10.0231294216
4.61826634121
1.66401452303
8.78019632476
1.86463693717
2.62533268094
29.854004904
17.9213123062
3.461215738
1.3442775273
16.8671090699
10.3526645458
242.646573801
15.9628542378
154.526031192
17.3708050364
0.799835699924
99.6858752075
4.77594351287
0.529949283014
6.61896423723
47.4393568015
6.61561232187
46.948939192
1.5785912596
13.1227417078
1.82682952824
261.124080151
23.8737906407
1.99397162105
225.771844303
945.361534485
2.30602407307
306.672454222
0.761927327217
23.1026547693
19.4450302383
205.987261603
26.535096333
77.7914965527
36.8901389489
2.53978836105
42.5679401032
51.0668133491
9.19507796283
135.795257912
72.4683427708
5.4580912109
20.5215377392
83.8005290905
7.68206982058
37.4756657888
0.743351197221
3.24062872023
671.806522183
5.29315935527
6.59253806849
29.0636854389
13.0368018176
25.0131820379
5.13872285387
244.500501829
30.9663693599
50.0984598757
220.118559691
71.7484968535
59.9469184578
23.344246487
2.14727631563
0.835626969752
49.4550298621
287.970229593
1.80609257218
7.44932873685
134.409289986
0.185106010643
43.447415456
437.890027383
70.3174692547
181.802268113
111.185427654
3.28440488688
1.98528392223
88.0705179483
9.37553865787
5.74640374827
87.6876490503
66.0671820653
7.84147958824
30.7679314469
62.4497541369
16.93524698
6.0323986374
13.5033130583
2.15289253005
14.8631891488
41.9143205282
11.5901358099
6.92532700698
18.0944043721
38.1973549805
59.0041466891
127.403882452
167.941916355
6.24357491851
369.044606147
11.1585465864
111.977381514
449.381019329
3.65261172437
0.178713898407
2.30054820796
3.39337946968
442.512911141
264.636994981
196.463793486
13.7399196871
127.249014527
7.74678310916
136.982969472
65.2695792498
19.0629332732
12.5564167453
39.4035258592
204.761710328
8.11926469958
1.74290953711
26.196763311
0.702781108988
27.0318118966
2.23672627214
5.69657234986
109.289321621
23.309216506
70.7019546639
1.40820295155
60.6786951334
5.30751710377
16.281759881
342.75418282
78.2812643114
25.8134211266
46.8894550314
7.21326083539
0.750767757921
81.3635466164
73.1100582804
4.43686724817
15.500249852
6.29899300705
24.7996026025
399.683280608
97.7253226829
6.0681045036
59.2097511865
24.16854317
5.18550048485
2.54767650963
65.8975607342
2.87980820018
14.4293018787
11.9258649349
6.0380625502
24.3945898702
0.765261344272
5.08904319975
8.02212101525
1.35636396513
23.2750392792
113.745897545
14.1437679565
0.67610923138
2.65249612417
0.250848870004
13.744429893
1.2934371668
77.2309853935
7.36821706595
24.0291574504
25.7125948108
275.050160945
302.296252645
10.9172661011
5.04070622031
26.3864500892
7.90762457356
134.095113485
5.31969423806
2.63751571563
29.9056530414
35.4377876409
18.9321404981
0.327263323758
8.08441470253
37.0370936108
117.069154305
1.95372923619
8.45752394304
7.16075649549
8.4871895551
3.08276970109
6.56482864714
28.5161513767
467.054008788
2.67144496502
18.5337816988
23.7148018596
109.58535523
59.180682788
600.487116029
12.7824612919
8.44941458526
4.98246387219
0.0520964962657
3.33237981771
16.9006970138
2.44294808954
189.375044408
15.3801152644
13.1270606906
83.8384177449
86.1923290001
4.25428157722
323.294898305
76.7359788066
54.9189127584
25.7372381006
0.964148847375
5.875735154
10.6283338601
5.94524923496
8.15828174464
20.2942547841
4.31544397689
14.7393206298
47.5622829366
11.8856868304
1.53375361345
11.2151674614
84.6650917459
3.37389835185
62.5411631145
5.03783362519
11.562670514
28.1974029641
4.35958046593
31.7303858906
2.42694772286
109.033294169
31.4681714923
253.92126971
40.931046395
163.502514534
9.29164977782
8.14031084633
319.792827873
81.2227617888
5.65384636802
21.5592847795
73.5337542571
15.7621150341
1.55382437553
17.8303079224
7.43190267904
233.742527756
3.73712153115
0.392085240797
24.313902406
3.14771423384
9.47794317835
24.2228104085
22.6935652985
1.36484987413
38.0159373802
14.3675297995
211.415115435
5.96051382943
0.848398466794
1.38873414379
11.5382155619
4.5899242932
1.41265773271
10.8393075107
3.59785851661
26.9732225469
48.0844660296
90.0370781687
0.230202892947
9.13312509733
49.5058409059
16.2881046622
18.5383013605
45.5443106828
18.7185283995
61.9013473819
136.138753515
1.15891480895
201.367439626
53.8265001921
14.0021407602
100.789977125
6.52894343541
148.857152473
357.056273194
66.743798422
69.5709739351
16.9732316893
1.17516150371
28.4753079257
0.99706327918
2.11947392112
3.14167134116
3.45059007555
26.9349841487
1.05088980578
2.53672221837
5.6410007378
107.312109568
273.146302883
13.7733376234
6.56033273329
378.918134585
14.7797949807
33.1263767543
5.32908021919
60.9231983514
0.0633260918921
1.64706266001
0.637212799508
4.01309168388
0.68612595887
109.32194941
61.710746865
81.9396691762
28.9499965902
13.4263538733
0.861009258658
0.334560234687
28.7561728064
12.7135064357
43.1276683933
122.969193597
98.8994778319
52.5622799866
31.6918340719
30.7073278459
0.724907074959
92.7635759506
100.111899469
33.7052828587
1.66992646899
22.0453046957
109.44430266
132.748920122
47.1359142831
3.57612018669
96.8621926738
4.11038168381
2.64780283928
34.8097931998
32.1668795652
10.1000876881
27.718919561
191.402856535
165.001762334
22.85825182
9.95974841132
151.535740114
42.4108591713
15.7861131158
1.50599537281
18.306061644
241.520548241
0.83264235305
5.63801761838
7.49944061942
0.692965255153
6.33016895664
120.35966208
131.257965137
32.7290664067
68.2685713118
251.75902197
104.257385132
9.97196582507
28.762820071
1.57434105359
4.15704123863
5.47742732547
150.700125444
401.749197545
4.31437635355
2.73999639926
42.3459758112
6.79497930568
3.74697975438
20.2164784637
413.808662692
7.6605766767
77.771480617
58.1736295721
5.7717386092
1.43271214095
120.406770228
17.81534508
20.4626525407
3.66598875906
116.733941727
117.627566296
0.148556076358
236.95513649
4.25519657199
142.370880757
6.45430667395
143.926344428
7.22666199241
195.134877996
6.49508259742
140.966521171
158.184123037
8.49193100933
27.9379468355
9.89364603575
0.281622203234
6.85040171977
25.1432948621
15.4057281242
132.982339355
2.90601071866
11.8100489167
73.892920838
7.57186172446
26.1932534952
140.063770443
3.71837676284
2.88919832414
25.7907284425
9.00660374704
16.2935691396
7.99950237517
18.7726742599
17.9025918754
28.4784491372
10.2776235987
26.9872898691
19.5630803715
14.411004148
8.23664290976
47.7883698417
12.6200207557
99.1038305105
347.655829761
97.0623117538
35.6455196347
0.612605970967
0.785456553393
135.711590573
311.989738591
116.935402055
2.05265726238
28.2724069798
171.520296072
25.2279599728
7.54249792319
14.1759330147
25.3520735741
7.84255684071
9.43339215896
34.5706460185
318.898515253
6.81393127518
5.58386358269
51.8685517793
79.9199986049
44.6700566245
23.4598990986
82.0084513647
81.1123812767
18.3123907334
49.9031195205
7.84560569369
33.0461585922
14.0797199239
2.40881057461
526.357143074
19.2958044052
86.5332738662
3.02863331052
35.7940952443
260.400700388
11.3010023926
26.710375762
24.3466457555
356.304399774
0.903917015686
32.8472647128
61.4322742319
7.54901748379
27.6633074303
8.8341230502
119.346900154
185.562718326
9.3849184059
1.09618044743
345.325860303
5.61456997997
9.62626234417
7.38528284166
10.0498204705
33.4195310342
54.157567914
1.76001587342
1.93319497683
488.855777305
86.94692996
1.10306452834
0.336392410064
86.8384072786
9.91046467379
7.76081384885
10.8104124989
21.7712338609
68.6918609008
0.406222418997
485.326406815
0.597192457911
22.8086030192
34.941211771
156.864637981
72.3561249092
288.645464916
30.5482755368
32.0638029851
22.5979788829
13.7311076825
8.76115667322
875.660865085
19.2119235238
1.86111861815
37.4112233712
107.045910043
195.170648823
2.8001671738
57.4574899658
58.8161643053
32.2492005639
41.6757257694
7.18069766292
0.211995597078
5.83169055832
60.1971604124
406.424229303
0.185052001471
13.8011730714
27.1281620847
83.2686560875
16.3183839752
0.234282404236
20.0916777545
1.58164076421
211.361563596
11.7360204703
0.985956164011
91.2805482387
92.9137240138
15.4664480127
3.07558447196
17.2427605176
171.641457551
9.10946424378
3.55854980232
6.75003699303
0.137736812465
14.3027058292
0.281107810313
28.1530732013
183.782862652
2.71893728034
2.10299967018
440.164336472
968.881751364
11.8201505456
1.48430025211
0.405441019743
4.64645359619
30.8263321099
4.09544249345
45.7236466013
28.9071206399
43.7407230233
23.2569582954
13.9172121795
70.1569385501
130.398882211
4.54236398472
33.8847677136
12.4166166034
83.8975703523
126.152416183
33.4728510708
17.5418365511
5.4796250401
8.83866816612
56.3099546003
142.314798562
0.659400284397
0.556041709582
17.2063010541
37.2638964473
293.940074576
3.86365247041
46.2515611683
5.21934005357
4.65213533741
65.0450518052
3.26423670036
69.3275563025
17.6702512955
0.583636254258
27.073627452
111.940779411
2.48776085354
5.57408347789
13.3038553925
0.0718903042586
7.07484941758
103.822149886
0.0582240772686
117.028898247
10.6113888523
200.051314049
10.4060329848
1.16742906115
49.0162151453
20.3577845751
455.97196994
5.84538598783
260.362532887
26.5367907789
14.2030859987
1.16904286472
158.168363944
0.943242145564
48.5210754817
92.0757442588
17.5286123588
8.7328412183
187.493686773
22.5156060821
10.5036488149
0.636161238734
2.77391445796
4.50181139441
22.6853672706
23.6710622967
7.69869128711
2.79077909617
28.0081203601
4.58241762886
7.06196432737
60.8798837535
1.01054978337
0.941341579455
181.952082807
2.54750026427
41.6047631202
4.79776677829
20.6445402357
41.6404979589
171.127043699
7.12331102709
3.92231641418
190.680454905
0.157013558425
5.33761027589
20.5652409017
10.3164308295
0.580041489271
38.0788124612
15.620034197
179.901264808
77.9144871383
1.10644682581
14.4301669729
0.770527815512
0.58611611451
23.0683336076
152.234947818
2.77278401455
1.36241790644
37.2141223429
6.54602704571
6.01008441417
0.809926612211
9.45417764556
128.67998052
32.5986397567
13.0792449494
0.851797591959
20.2729719586
0.149210220155
10.5892624134
4.2912722573
11.7626851083
9.23518774984
20.8853648342
0.641656853842
56.1700089444
36.2083945268
830.015073067
116.238611222
2.20931548008
32.3256342562
79.783312204
46.1863823179
67.3257964969
810.073979466
7.81527656029
38.0333915238
42.431539893
191.536934443
9.11608677501
38.7501000492
5.30500965894
2.31353009813
71.5539491938
7.99489385593
58.2017592579
1.34235009412
3.52234743249
1.36689915411
6.90707841824
0.510923666069
65.98923372
6.59268631119
148.889390825
79.0731635509
149.129073079
18.0297448472
115.152563049
9.46662754714
3.01293559057
2.59311450993
426.993483644
243.371834322
1.95693074857
30.7408262268
7.73125081839
7.35058931311
2.7763439746
75.0327842233
159.646508752
42.1169914337
67.1896285269
7.26449774391
82.8792649758
3.20761646013
29.1263805851
151.623337088
225.974198298
0.114073457328
500.776590951
96.0048679236
23.4775328178
1.50190844544
625.345905707
10.2535584453
174.621818536
3.49299041044
12.3092179048
2.21283171168
0.481716780782
1.54807614899
26.2620595389
174.747505683
22.7214575807
13.4277235287
27.3764188246
35.5394912611
0.801073389941
280.171131318
7.44081336317
249.201711361
39.7618854731
0.301393335284
778.174018435
49.468964278
44.9930678161
26.9414864457
3.95179755883
65.1516470649
495.024305293
337.618926621
316.396401328
3.06357547797
188.030796114
9.28208278831
419.663479133
16.3207703384
3.27803148281
1.59471627048
22.1357012329
33.6130929879
13.4285847864
18.1695466644
214.562982507
152.185594742
0.493824076359
4.08001950863
41.96565993
0.849586794547
138.154367359
3.50904494608
58.916203825
125.293518995
167.68077942
3.19813922389
36.6960844133
26.9814224647
179.807223276
2.07406075773
38.3698346436
118.452760702
21.2068047809
3.0057269085
15.4752480827
20.7625722184
530.553976875
9.11476859184
9.0978851072
12.5048693072
7.96532759607
40.1699048565
5.04269735652
58.1284811777
1.17584932535
1.01475804025
3.55998155655
32.3573976707
13.7214062134
4.16232040029
104.421059688
782.410040194
