7.55848829085 1
8.33339619618 2
13.100876217 3
13.9994138043 4
14.2475748496 5
15.4917505312 6
15.8886162259 7
16.5858128713 8
18.9443345719 9
19.1543688711 10
20.7358066153 11
24.1072594054 12
26.4346114955 13
27.2294656916 14
27.4304297698 15
27.7613592469 16
28.1949842202 17
28.4586620891 18
28.5514197761 19
28.6934978282 20
28.9059642866 21
28.9691381472 22
29.6163189784 23
30.2717069738 24
30.5021620585 25
30.7280214586 26
32.1594236723 27
32.516420401 28
33.0667907877 29
33.9476156287 30
33.9566567222 31
34.7373219115 32
35.490236788 33
35.6497462444 34
35.6566503896 35
35.8987614198 36
37.6619978953 37
38.3950427864 38
38.5672620114 39
38.6877193467 40
39.0247602212 41
39.2973542426 42
39.359462791 43
41.01176745 44
41.2792360949 45
41.3490000327 46
41.6069167192 47
42.4996885515 48
42.7178358775 49
42.793653011 50
43.7187876151 51
44.5041683648 52
44.7589302314 53
45.2197157635 54
46.2874093355 55
46.6597061501 56
46.7616872729 57
48.2108429746 58
48.5260178463 59
48.5708584548 60
48.5894364547 61
48.7092621749 62
49.5264393669 63
50.2280543861 64
50.2877963592 65
51.4337579419 66
51.5695976961 67
51.589449955 68
51.7592298948 69
52.7432810734 70
52.7751469171 71
52.8570386742 72
53.6565640889 73
53.7809184529 74
53.9334330668 75
54.1257344482 76
55.351019428 77
56.19691417 78
57.4222304003 79
58.1435075827 80
58.6963454195 81
58.7527684632 82
59.613596677 83
60.0148923573 84
60.034624332 85
60.4516187094 86
60.5086457118 87
60.8270400875 88
61.0023970478 89
61.5144819778 90
61.6091222691 91
61.7227905187 92
61.7541393585 93
62.6234139539 94
62.8134615241 95
63.2896131431 96
64.0175865535 97
64.0850039006 98
66.3391996361 99
66.4097611131 100
66.6264857807 101
66.8487633397 102
67.3875862723 103
67.6740400943 104
68.3036327209 105
68.7928699678 106
69.1437668614 107
69.3125690035 108
69.7539657933 109
69.9345309286 110
70.9469039113 111
71.1656097018 112
72.0576199642 113
72.3702840881 114
73.9184354063 115
74.3280256702 116
74.3492137355 117
74.7048426645 118
75.0685944555 119
75.4094939297 120
76.1882803444 121
76.2915411099 122
76.3790095128 123
76.4463607524 124
77.3661670474 125
77.9454761687 126
78.6518178798 127
78.7413195205 128
79.0382826752 129
79.3832280275 130
80.1246403889 131
80.2715765388 132
80.7450149927 133
80.8486060895 134
81.3346689342 135
81.3728431678 136
81.5750244098 137
82.7460650591 138
83.1124815911 139
84.499126888 140
84.6159314832 141
84.8190922237 142
84.8481512695 143
85.0270300793 144
85.1756997944 145
85.191466372 146
85.1972749388 147
85.6474700232 148
85.6615507409 149
85.6929335853 150
86.5437266094 151
86.5582952928 152
86.781308794 153
87.1466765219 154
88.6155912488 155
88.9398730182 156
89.8653319213 157
89.8901059796 158
90.2777431488 159
90.3835211798 160
91.78459833 161
92.1703815152 162
92.7320145775 163
93.1223029772 164
93.6167682565 165
93.7940504843 166
93.8387167824 167
94.1575128669 168
94.3602399934 169
94.439304098 170
94.4824575993 171
94.5866918598 172
95.0304692781 173
95.4428009907 174
96.2595875926 175
96.3057692672 176
96.4745224813 177
97.3146370992 178
97.5912446195 179
98.12570727 180
100.07840837 181
100.092109043 182
100.417266386 183
100.943208008 184
101.39786275 185
101.817577468 186
101.950118995 187
104.194125111 188
104.392508136 189
104.841289934 190
104.972426039 191
105.68268421 192
106.550810504 193
107.960100638 194
108.130966108 195
109.026345581 196
109.417713401 197
110.620215994 198
110.900516299 199
112.486398175 200
112.605541097 201
112.739200103 202
114.16758861 203
114.360390566 204
115.507981018 205
117.344718475 206
117.55537967 207
118.076469787 208
118.396245291 209
119.568345113 210
119.961800946 211
119.981540355 212
121.341603971 213
121.688869041 214
122.750362619 215
122.770507714 216
122.899547355 217
123.101218396 218
123.856682074 219
123.91614845 220
124.00106096 221
124.541257928 222
125.522546114 223
125.792093921 224
127.136256573 225
127.310695743 226
127.669362263 227
128.828475064 228
129.870490795 229
130.376715527 230
131.473411735 231
132.307956149 232
133.623043533 233
133.649076542 234
135.776447004 235
136.00379073 236
136.139137451 237
136.278220507 238
136.430966705 239
137.247062016 240
138.019566698 241
139.833139465 242
140.189533552 243
140.864913362 244
142.564931038 245
142.582312973 246
143.27372027 247
144.088906687 248
144.585769439 249
145.151766237 250
146.027616998 251
149.182280187 252
150.015328373 253
151.446530491 254
153.761590006 255
155.485086478 256
157.754607506 257
158.034243053 258
159.170151937 259
159.762886295 260
159.880141723 261
160.000233613 262
161.265117322 263
161.425990913 264
161.804791134 265
162.330437162 266
162.800570734 267
162.983241728 268
163.289410524 269
163.560130038 270
164.91229951 271
165.620906955 272
167.920469445 273
168.00091877 274
168.249379018 275
169.494068599 276
170.106602168 277
170.585071155 278
171.865635713 279
171.987587443 280
172.174275832 281
173.069612061 282
175.847112777 283
176.711535752 284
176.838223104 285
177.095654212 286
177.580890326 287
178.178355019 288
178.527872217 289
180.938917012 290
181.095363689 291
181.578072449 292
182.31377774 293
183.506604575 294
183.687598495 295
183.711781902 296
184.278993475 297
185.766090268 298
185.785015763 299
186.425095131 300
186.538449917 301
186.942444321 302
187.254878076 303
187.504824498 304
188.906851652 305
190.597699796 306
192.255899252 307
193.954902387 308
196.542849039 309
197.135113535 310
198.769260426 311
201.134158189 312
201.534376585 313
202.520170701 314
202.724092644 315
203.197506342 316
204.180159369 317
204.666768274 318
205.278701982 319
207.873069483 320
210.837271632 321
211.863972128 322
214.39364194 323
216.058822091 324
216.657301451 325
217.474667963 326
218.279354125 327
223.472382918 328
223.484677937 329
224.352347408 330
226.760956004 331
226.904745369 332
227.356122758 333
228.086763498 334
228.382084584 335
229.632358028 336
232.443692534 337
232.8819993 338
233.001602298 339
234.392048257 340
236.270509876 341
236.646489122 342
238.663842134 343
240.086524228 344
242.956631753 345
245.409659051 346
246.079750921 347
254.373551581 348
254.753800921 349
254.816358293 350
256.397696024 351
257.957882402 352
258.477077184 353
259.851974531 354
260.14236726 355
260.543796876 356
261.695378488 357
261.886832884 358
265.423306745 359
267.274774392 360
267.538380129 361
268.8223394 362
269.16809346 363
269.890372219 364
270.542903195 365
273.273790298 366
275.23404865 367
276.21339012 368
277.691318556 369
278.44947091 370
280.502728537 371
280.993114696 372
281.906345475 373
283.151751054 374
283.971042858 375
290.088294841 376
291.022438036 377
292.076590235 378
292.994590612 379
294.300570524 380
296.396941297 381
298.448611652 382
298.707152755 383
299.762836605 384
303.147553008 385
303.216076172 386
304.124463237 387
304.707313614 388
307.44327279 389
309.272526254 390
310.098667416 391
310.774918972 392
314.225469063 393
318.947665428 394
324.518656913 395
325.917615793 396
327.366506033 397
328.704395087 398
329.327263891 399
330.633991265 400
330.771609462 401
331.11788683 402
331.339747858 403
332.459968947 404
343.048127313 405
345.788267236 406
346.194012011 407
346.245685413 408
346.439390511 409
346.662565362 410
349.184230314 411
350.425612023 412
353.181996827 413
358.304223308 414
367.222133271 415
372.168978649 416
373.557878658 417
373.785128128 418
379.476590725 419
380.884975156 420
381.545367619 421
383.475094147 422
383.924060459 423
385.898409667 424
386.386168556 425
387.582335076 426
404.031792402 427
411.135116232 428
411.653215275 429
423.440998162 430
429.151108778 431
438.515957055 432
443.035423503 433
446.509121397 434
446.878539043 435
455.713674445 436
464.164529416 437
469.92149485 438
473.865467324 439
475.281454811 440
481.502674737 441
487.516399318 442
491.085155901 443
491.313862356 444
494.211141511 445
497.583049051 446
506.290239361 447
515.843269423 448
517.810155905 449
527.691656173 450
535.123653708 451
538.711150472 452
547.303656888 453
549.207726387 454
561.958808465 455
563.372386662 456
568.154122504 457
575.505914265 458
575.76739602 459
579.919979028 460
584.149566879 461
591.183694042 462
592.195422874 463
595.429177512 464
611.71397129 465
613.086944952 466
625.74735206 467
636.165506799 468
644.619415404 469
646.752673543 470
652.30770668 471
662.046779604 472
670.992148113 473
671.336188836 474
687.694753004 475
692.968053934 476
696.616344475 477
702.001514646 478
715.672350181 479
738.937496251 480
743.397322317 481
750.508671149 482
811.488806236 483
821.946460696 484
856.888574359 485
858.327040396 486
913.499439131 487
938.103291931 488
1018.19192956 489
1108.65309964 490
1193.18534386 491
1218.33654295 492
1281.12529242 493
1324.42125589 494
1607.94428343 495
1648.03784303 496
1756.95642176 497
1957.23975271 498
2352.52869304 499
2446.02229663 500
