0
99999
0	0
    0.5091    0.0060  0
    1.0009    0.0114  0
    2.0019    0.0228  0
    3.0009    0.0348  0
    4.9905    0.0571  0
    9.0437    0.0970  0
0	0
    0.5013    0.0128  0
    0.9948    0.0246  0
    2.0097    0.0468  0
    3.0109    0.0663  0
    5.0088    0.1018  0
    9.0490    0.1516  0
0	0
    0.5117    0.0217  0
    1.0048    0.0407  0
    2.0215    0.0734  0
    3.0114    0.0979  0
    5.0246    0.1348  0
    9.0467    0.1866  0
0	0
    0.4862    0.0271  0
    1.0057    0.0498  0
    2.0217    0.0852  0
    3.0288    0.1103  0
    5.0171    0.1460  0
    9.0633    0.1938  0
0	0
    0.2364    0.0201  0
    0.5018    0.0406  0
    1.0251    0.0731  0
    2.0273    0.1173  0
    3.0602    0.1452  0
    5.0518    0.1822  0
    9.0746    0.2273  0
0	0
    0.0935    0.0187  0
    0.2474    0.0340  0
    0.5090    0.0637  0
    1.0305    0.1088  0
    2.0427    0.1612  0
    3.0575    0.1910  0
    5.0542    0.2247  0
    9.0751    0.2590  0
