0.72
0.45
0.43
0.37
0.36
0.4
0.43
0.44
0.44
0.54
0.56
0.53
0.5
0.56
0.54
0.59
0.55
0.52
0.54
0.64
0.56
0.58
0.53
0.46
0.46
0.44
0.43
0.33
0.27
0.36
0.4
0.53
0.57
0.58
0.65
0.73
0.64
0.66
0.68
0.77
0.76
0.79
0.77
0.76
0.78
0.73
0.66
0.54
0.38
0.78
0.78
0.71
0.64
0.43
0.73
0.61
0.53
0.5
0.69
0.83
0.73
0.86
0.84
0.76
0.71
0.35
0.76
0.83
0.82
0.59
0.62
0.8
0.66
0.56
0.38
0.45
0.31
0.3
0.36
0.36
0.4
0.22
0.34
0.27
0.27
0.27
0.3
0.32
0.55
0.27
0.71
0.7
0.64
0.65
0.86
0.62
0.66
0.41
0.59
0.6
0.61
0.47
0.53
0.58
0.51
0.38
0.23
