   100  5.329586E-16
   101  5.491078E-16
   102  5.655799E-16
   103  5.823783E-16
   104  5.995059E-16
   105  6.169663E-16
   106  6.347622E-16
   107  6.528973E-16
   108  6.713743E-16
   109  6.901970E-16
   110  7.093679E-16
   111  7.288908E-16
   112  7.487685E-16
   113  7.690044E-16
   114  7.896016E-16
   115  8.105635E-16
   116  8.318930E-16
   117  8.535935E-16
   118  8.756680E-16
   119  8.981202E-16
   120  9.209526E-16
   121  9.441688E-16
   122  9.677720E-16
   123  9.917650E-16
   124  1.016152E-15
   125  1.040935E-15
   126  1.066118E-15
   127  1.091703E-15
   128  1.117695E-15
   129  1.144097E-15
   130  1.170910E-15
   131  1.198139E-15
   132  1.225788E-15
   133  1.253858E-15
   134  1.282354E-15
   135  1.311278E-15
   136  1.340634E-15
   137  1.370425E-15
   138  1.400654E-15
   139  1.431324E-15
   140  1.462439E-15
   141  1.494001E-15
   142  1.526014E-15
   143  1.558481E-15
   144  1.591406E-15
   145  1.624791E-15
   146  1.658640E-15
   147  1.692955E-15
   148  1.727741E-15
   149  1.763000E-15
   150  1.798735E-15
   151  1.834951E-15
   152  1.871648E-15
   153  1.908833E-15
   154  1.946505E-15
   155  1.984671E-15
   156  2.023333E-15
   157  2.062493E-15
   158  2.102155E-15
   159  2.142323E-15
   160  2.182999E-15
   161  2.224186E-15
   162  2.265889E-15
   163  2.308109E-15
   164  2.350851E-15
   165  2.394116E-15
   166  2.437911E-15
   167  2.482235E-15
   168  2.527094E-15
   169  2.572489E-15
   170  2.618426E-15
   171  2.664906E-15
   172  2.711933E-15
   173  2.759509E-15
   174  2.807639E-15
   175  2.856325E-15
   176  2.905571E-15
   177  2.955380E-15
   178  3.005755E-15
   179  3.056699E-15
   180  3.108215E-15
   181  3.160306E-15
   182  3.212978E-15
   183  3.266230E-15
   184  3.320068E-15
   185  3.374494E-15
   186  3.429512E-15
   187  3.485125E-15
   188  3.541336E-15
   189  3.598147E-15
   190  3.655563E-15
   191  3.713588E-15
   192  3.772221E-15
   193  3.831470E-15
   194  3.891336E-15
   195  3.951822E-15
   196  4.012931E-15
   197  4.074667E-15
   198  4.137034E-15
   199  4.200034E-15
   200  4.263669E-15
   201  4.327944E-15
   202  4.392863E-15
   203  4.458427E-15
   204  4.524640E-15
   205  4.591505E-15
   206  4.659026E-15
   207  4.727207E-15
   208  4.796048E-15
   209  4.865555E-15
   210  4.935730E-15
   211  5.006577E-15
   212  5.078098E-15
   213  5.150297E-15
   214  5.223178E-15
   215  5.296743E-15
   216  5.370994E-15
   217  5.445938E-15
   218  5.521576E-15
   219  5.597910E-15
   220  5.674943E-15
   221  5.752682E-15
   222  5.831126E-15
   223  5.910281E-15
   224  5.990148E-15
   225  6.070732E-15
   226  6.152035E-15
   227  6.234061E-15
   228  6.316813E-15
   229  6.400294E-15
   230  6.484508E-15
   231  6.569456E-15
   232  6.655144E-15
   233  6.741574E-15
   234  6.828748E-15
   235  6.916670E-15
   236  7.005344E-15
   237  7.094774E-15
   238  7.184961E-15
   239  7.275909E-15
   240  7.367620E-15
   241  7.460098E-15
   242  7.553350E-15
   243  7.647373E-15
   244  7.742176E-15
   245  7.837757E-15
   246  7.934120E-15
   247  8.031273E-15
   248  8.129214E-15
   249  8.227947E-15
   250  8.327479E-15
   251  8.427808E-15
   252  8.528942E-15
   253  8.630880E-15
   254  8.733627E-15
   255  8.837189E-15
   256  8.941563E-15
   257  9.046755E-15
   258  9.152773E-15
   259  9.259612E-15
   260  9.367280E-15
   261  9.475781E-15
   262  9.585115E-15
   263  9.695291E-15
   264  9.806303E-15
   265  9.918159E-15
   266  1.003087E-14
   267  1.014442E-14
   268  1.025883E-14
   269  1.037410E-14
   270  1.049022E-14
   271  1.060722E-14
   272  1.072507E-14
   273  1.084380E-14
   274  1.096340E-14
   275  1.108387E-14
   276  1.120523E-14
   277  1.132747E-14
   278  1.145059E-14
   279  1.157461E-14
   280  1.169951E-14
   281  1.182531E-14
   282  1.195201E-14
   283  1.207961E-14
   284  1.220811E-14
   285  1.233753E-14
   286  1.246785E-14
   287  1.259909E-14
   288  1.273125E-14
   289  1.286432E-14
   290  1.299833E-14
   291  1.313326E-14
   292  1.326912E-14
   293  1.340591E-14
   294  1.354364E-14
   295  1.368231E-14
   296  1.382193E-14
   297  1.396249E-14
   298  1.410400E-14
   299  1.424646E-14
   300  1.438988E-14
   301  1.453426E-14
   302  1.467960E-14
   303  1.482591E-14
   304  1.497319E-14
   305  1.512144E-14
   306  1.527066E-14
   307  1.542086E-14
   308  1.557204E-14
   309  1.572422E-14
   310  1.587737E-14
   311  1.603152E-14
   312  1.618666E-14
   313  1.634280E-14
   314  1.649995E-14
   315  1.665809E-14
   316  1.681724E-14
   317  1.697741E-14
   318  1.713858E-14
   319  1.730077E-14
   320  1.746399E-14
   321  1.762823E-14
   322  1.779349E-14
   323  1.795978E-14
   324  1.812711E-14
   325  1.829547E-14
   326  1.846487E-14
   327  1.863531E-14
   328  1.880681E-14
   329  1.897934E-14
   330  1.915293E-14
   331  1.932758E-14
   332  1.950328E-14
   333  1.968005E-14
   334  1.985788E-14
   335  2.003678E-14
   336  2.021675E-14
   337  2.039779E-14
   338  2.057991E-14
   339  2.076312E-14
   340  2.094741E-14
   341  2.113278E-14
   342  2.131925E-14
   343  2.150680E-14
   344  2.169546E-14
   345  2.188521E-14
   346  2.207607E-14
   347  2.226804E-14
   348  2.246111E-14
   349  2.265530E-14
   350  2.285060E-14
   351  2.304702E-14
   352  2.324457E-14
   353  2.344324E-14
   354  2.364304E-14
   355  2.384397E-14
   356  2.404604E-14
   357  2.424924E-14
   358  2.445359E-14
   359  2.465908E-14
   360  2.486572E-14
   361  2.507351E-14
   362  2.528245E-14
   363  2.549256E-14
   364  2.570382E-14
   365  2.591625E-14
   366  2.612984E-14
   367  2.634460E-14
   368  2.656055E-14
   369  2.677766E-14
   370  2.699595E-14
   371  2.721543E-14
   372  2.743610E-14
   373  2.765795E-14
   374  2.788100E-14
   375  2.810524E-14
   376  2.833069E-14
   377  2.855733E-14
   378  2.878517E-14
   379  2.901424E-14
   380  2.924451E-14
   381  2.947599E-14
   382  2.970870E-14
   383  2.994262E-14
   384  3.017777E-14
   385  3.041415E-14
   386  3.065176E-14
   387  3.089061E-14
   388  3.113069E-14
   389  3.137201E-14
   390  3.161457E-14
   391  3.185839E-14
   392  3.210345E-14
   393  3.234977E-14
   394  3.259734E-14
   395  3.284618E-14
   396  3.309627E-14
   397  3.334763E-14
   398  3.360027E-14
   399  3.385417E-14
   400  3.410935E-14
   401  3.436581E-14
   402  3.462356E-14
   403  3.488259E-14
   404  3.514290E-14
   405  3.540451E-14
   406  3.566742E-14
   407  3.593162E-14
   408  3.619712E-14
   409  3.646393E-14
   410  3.673204E-14
   411  3.700148E-14
   412  3.727221E-14
   413  3.754427E-14
   414  3.781765E-14
   415  3.809235E-14
   416  3.836838E-14
   417  3.864575E-14
   418  3.892444E-14
   419  3.920447E-14
   420  3.948584E-14
   421  3.976855E-14
   422  4.005262E-14
   423  4.033802E-14
   424  4.062478E-14
   425  4.091290E-14
   426  4.120238E-14
   427  4.149322E-14
   428  4.178543E-14
   429  4.207900E-14
   430  4.237394E-14
   431  4.267026E-14
   432  4.296796E-14
   433  4.326705E-14
   434  4.356751E-14
   435  4.386935E-14
   436  4.417261E-14
   437  4.447724E-14
   438  4.478328E-14
   439  4.509071E-14
   440  4.539954E-14
   441  4.570980E-14
   442  4.602145E-14
   443  4.633452E-14
   444  4.664901E-14
   445  4.696491E-14
   446  4.728225E-14
   447  4.760100E-14
   448  4.792118E-14
   449  4.824281E-14
   450  4.856586E-14
   451  4.889034E-14
   452  4.921628E-14
   453  4.954366E-14
   454  4.987249E-14
   455  5.020277E-14
   456  5.053450E-14
   457  5.086770E-14
   458  5.120236E-14
   459  5.153847E-14
   460  5.187607E-14
   461  5.221512E-14
   462  5.255565E-14
   463  5.289766E-14
   464  5.324115E-14
   465  5.358613E-14
   466  5.393259E-14
   467  5.428053E-14
   468  5.462999E-14
   469  5.498093E-14
   470  5.533336E-14
   471  5.568731E-14
   472  5.604275E-14
   473  5.639972E-14
   474  5.675819E-14
   475  5.711818E-14
   476  5.747969E-14
   477  5.784272E-14
   478  5.820727E-14
   479  5.857335E-14
   480  5.894096E-14
   481  5.931010E-14
   482  5.968078E-14
   483  6.005304E-14
   484  6.042680E-14
   485  6.080212E-14
   486  6.117898E-14
   487  6.155741E-14
   488  6.193741E-14
   489  6.231895E-14
   490  6.270205E-14
   491  6.308672E-14
   492  6.347296E-14
   493  6.386078E-14
   494  6.425019E-14
   495  6.464116E-14
   496  6.503371E-14
   497  6.542785E-14
   498  6.582357E-14
   499  6.622092E-14
   500  6.661983E-14
   501  6.702035E-14
   502  6.742247E-14
   503  6.782618E-14
   504  6.823154E-14
   505  6.863848E-14
   506  6.904704E-14
   507  6.945722E-14
   508  6.986902E-14
   509  7.028243E-14
   510  7.069751E-14
   511  7.111418E-14
   512  7.153250E-14
   513  7.195245E-14
   514  7.237404E-14
   515  7.279730E-14
   516  7.322218E-14
   517  7.364871E-14
   518  7.407689E-14
   519  7.450674E-14
   520  7.493824E-14
   521  7.537142E-14
   522  7.580625E-14
   523  7.624275E-14
   524  7.668092E-14
   525  7.712076E-14
   526  7.756233E-14
   527  7.800553E-14
   528  7.845042E-14
   529  7.889701E-14
   530  7.934527E-14
   531  7.979527E-14
   532  8.024694E-14
   533  8.070030E-14
   534  8.115537E-14
   535  8.161215E-14
   536  8.207064E-14
   537  8.253087E-14
   538  8.299279E-14
   539  8.345643E-14
   540  8.392180E-14
   541  8.438889E-14
   542  8.485773E-14
   543  8.532829E-14
   544  8.580058E-14
   545  8.627461E-14
   546  8.675038E-14
   547  8.722790E-14
   548  8.770719E-14
   549  8.818822E-14
   550  8.867099E-14
   551  8.915553E-14
   552  8.964183E-14
   553  9.012992E-14
   554  9.061975E-14
   555  9.111134E-14
   556  9.160472E-14
   557  9.209987E-14
   558  9.259684E-14
   559  9.309556E-14
   560  9.359607E-14
   561  9.409837E-14
   562  9.460246E-14
   563  9.510834E-14
   564  9.561606E-14
   565  9.612555E-14
   566  9.663686E-14
   567  9.714996E-14
   568  9.766488E-14
   569  9.818166E-14
   570  9.870022E-14
   571  9.922059E-14
   572  9.974281E-14
   573  1.002668E-13
   574  1.007927E-13
   575  1.013204E-13
   576  1.018500E-13
   577  1.023814E-13
   578  1.029146E-13
   579  1.034497E-13
   580  1.039866E-13
   581  1.045254E-13
   582  1.050661E-13
   583  1.056086E-13
   584  1.061529E-13
   585  1.066992E-13
   586  1.072473E-13
   587  1.077973E-13
   588  1.083491E-13
   589  1.089029E-13
   590  1.094585E-13
   591  1.100160E-13
   592  1.105754E-13
   593  1.111367E-13
   594  1.116999E-13
   595  1.122650E-13
   596  1.128320E-13
   597  1.134009E-13
   598  1.139717E-13
   599  1.145444E-13
   600  1.151191E-13
   601  1.156956E-13
   602  1.162741E-13
   603  1.168545E-13
   604  1.174368E-13
   605  1.180211E-13
   606  1.186073E-13
   607  1.191954E-13
   608  1.197855E-13
   609  1.203775E-13
   610  1.209715E-13
   611  1.215674E-13
   612  1.221653E-13
   613  1.227651E-13
   614  1.233669E-13
   615  1.239706E-13
   616  1.245763E-13
   617  1.251840E-13
   618  1.257937E-13
   619  1.264054E-13
   620  1.270190E-13
   621  1.276346E-13
   622  1.282521E-13
   623  1.288718E-13
   624  1.294933E-13
   625  1.301169E-13
   626  1.307424E-13
   627  1.313700E-13
   628  1.319996E-13
   629  1.326311E-13
   630  1.332647E-13
   631  1.339003E-13
   632  1.345379E-13
   633  1.351776E-13
   634  1.358193E-13
   635  1.364629E-13
   636  1.371087E-13
   637  1.377564E-13
   638  1.384062E-13
   639  1.390580E-13
   640  1.397119E-13
   641  1.403678E-13
   642  1.410258E-13
   643  1.416858E-13
   644  1.423479E-13
   645  1.430121E-13
   646  1.436783E-13
   647  1.443465E-13
   648  1.450169E-13
   649  1.456893E-13
   650  1.463638E-13
   651  1.470403E-13
   652  1.477190E-13
   653  1.483997E-13
   654  1.490825E-13
   655  1.497675E-13
   656  1.504545E-13
   657  1.511436E-13
   658  1.518347E-13
   659  1.525280E-13
   660  1.532234E-13
   661  1.539210E-13
   662  1.546206E-13
   663  1.553224E-13
   664  1.560263E-13
   665  1.567323E-13
   666  1.574404E-13
   667  1.581507E-13
   668  1.588630E-13
   669  1.595776E-13
   670  1.602942E-13
   671  1.610131E-13
   672  1.617340E-13
   673  1.624571E-13
   674  1.631823E-13
   675  1.639098E-13
   676  1.646393E-13
   677  1.653711E-13
   678  1.661050E-13
   679  1.668410E-13
   680  1.675792E-13
   681  1.683196E-13
   682  1.690623E-13
   683  1.698070E-13
   684  1.705540E-13
   685  1.713031E-13
   686  1.720544E-13
   687  1.728079E-13
   688  1.735637E-13
   689  1.743216E-13
   690  1.750817E-13
   691  1.758440E-13
   692  1.766086E-13
   693  1.773753E-13
   694  1.781443E-13
   695  1.789155E-13
   696  1.796889E-13
   697  1.804645E-13
   698  1.812424E-13
   699  1.820225E-13
   700  1.828048E-13
   701  1.835894E-13
   702  1.843762E-13
   703  1.851652E-13
   704  1.859566E-13
   705  1.867501E-13
   706  1.875459E-13
   707  1.883440E-13
   708  1.891443E-13
   709  1.899469E-13
   710  1.907518E-13
   711  1.915589E-13
   712  1.923683E-13
   713  1.931800E-13
   714  1.939939E-13
   715  1.948102E-13
   716  1.956287E-13
   717  1.964495E-13
   718  1.972726E-13
   719  1.980980E-13
   720  1.989258E-13
   721  1.997558E-13
   722  2.005881E-13
   723  2.014227E-13
   724  2.022596E-13
   725  2.030989E-13
   726  2.039405E-13
   727  2.047844E-13
   728  2.056306E-13
   729  2.064791E-13
   730  2.073300E-13
   731  2.081832E-13
   732  2.090387E-13
   733  2.098966E-13
   734  2.107568E-13
   735  2.116194E-13
   736  2.124844E-13
   737  2.133516E-13
   738  2.142213E-13
   739  2.150933E-13
   740  2.159676E-13
   741  2.168443E-13
   742  2.177235E-13
   743  2.186049E-13
   744  2.194888E-13
   745  2.203750E-13
   746  2.212636E-13
   747  2.221546E-13
   748  2.230480E-13
   749  2.239438E-13
   750  2.248419E-13
   751  2.257425E-13
   752  2.266455E-13
   753  2.275509E-13
   754  2.284586E-13
   755  2.293688E-13
   756  2.302814E-13
   757  2.311964E-13
   758  2.321139E-13
   759  2.330338E-13
   760  2.339561E-13
   761  2.348808E-13
   762  2.358079E-13
   763  2.367376E-13
   764  2.376696E-13
   765  2.386041E-13
   766  2.395410E-13
   767  2.404804E-13
   768  2.414221E-13
   769  2.423665E-13
   770  2.433132E-13
   771  2.442624E-13
   772  2.452141E-13
   773  2.461682E-13
   774  2.471249E-13
   775  2.480839E-13
   776  2.490455E-13
   777  2.500095E-13
   778  2.509761E-13
   779  2.519451E-13
   780  2.529166E-13
   781  2.538906E-13
   782  2.548671E-13
   783  2.558461E-13
   784  2.568276E-13
   785  2.578116E-13
   786  2.587982E-13
   787  2.597872E-13
   788  2.607787E-13
   789  2.617728E-13
   790  2.627694E-13
   791  2.637685E-13
   792  2.647702E-13
   793  2.657744E-13
   794  2.667810E-13
   795  2.677904E-13
   796  2.688022E-13
   797  2.698165E-13
   798  2.708334E-13
   799  2.718528E-13
   800  2.728748E-13
   801  2.738994E-13
   802  2.749265E-13
   803  2.759562E-13
   804  2.769884E-13
   805  2.780233E-13
   806  2.790607E-13
   807  2.801006E-13
   808  2.811432E-13
   809  2.821884E-13
   810  2.832361E-13
   811  2.842863E-13
   812  2.853393E-13
   813  2.863948E-13
   814  2.874529E-13
   815  2.885136E-13
   816  2.895769E-13
   817  2.906429E-13
   818  2.917114E-13
   819  2.927826E-13
   820  2.938563E-13
   821  2.949327E-13
   822  2.960118E-13
   823  2.970934E-13
   824  2.981777E-13
   825  2.992646E-13
   826  3.003541E-13
   827  3.014463E-13
   828  3.025412E-13
   829  3.036387E-13
   830  3.047388E-13
   831  3.058416E-13
   832  3.069470E-13
   833  3.080552E-13
   834  3.091660E-13
   835  3.102794E-13
   836  3.113955E-13
   837  3.125143E-13
   838  3.136357E-13
   839  3.147599E-13
   840  3.158867E-13
   841  3.170162E-13
   842  3.181484E-13
   843  3.192833E-13
   844  3.204209E-13
   845  3.215612E-13
   846  3.227042E-13
   847  3.238499E-13
   848  3.249982E-13
   849  3.261494E-13
   850  3.273032E-13
   851  3.284598E-13
   852  3.296190E-13
   853  3.307810E-13
   854  3.319457E-13
   855  3.331132E-13
   856  3.342834E-13
   857  3.354563E-13
   858  3.366320E-13
   859  3.378104E-13
   860  3.389916E-13
   861  3.401755E-13
   862  3.413621E-13
   863  3.425515E-13
   864  3.437436E-13
   865  3.449386E-13
   866  3.461364E-13
   867  3.473368E-13
   868  3.485400E-13
   869  3.497460E-13
   870  3.509548E-13
   871  3.521665E-13
   872  3.533808E-13
   873  3.545980E-13
   874  3.558179E-13
   875  3.570407E-13
   876  3.582662E-13
   877  3.594946E-13
   878  3.607257E-13
   879  3.619596E-13
   880  3.631963E-13
   881  3.644359E-13
   882  3.656784E-13
   883  3.669236E-13
   884  3.681716E-13
   885  3.694225E-13
   886  3.706761E-13
   887  3.719327E-13
   888  3.731921E-13
   889  3.744543E-13
   890  3.757193E-13
   891  3.769872E-13
   892  3.782580E-13
   893  3.795316E-13
   894  3.808080E-13
   895  3.820873E-13
   896  3.833695E-13
   897  3.846545E-13
   898  3.859424E-13
   899  3.872332E-13
   900  3.885269E-13
   901  3.898233E-13
   902  3.911227E-13
   903  3.924251E-13
   904  3.937303E-13
   905  3.950384E-13
   906  3.963493E-13
   907  3.976632E-13
   908  3.989799E-13
   909  4.002996E-13
   910  4.016222E-13
   911  4.029477E-13
   912  4.042760E-13
   913  4.056073E-13
   914  4.069416E-13
   915  4.082788E-13
   916  4.096188E-13
   917  4.109618E-13
   918  4.123078E-13
   919  4.136567E-13
   920  4.150085E-13
   921  4.163633E-13
   922  4.177210E-13
   923  4.190816E-13
   924  4.204452E-13
   925  4.218118E-13
   926  4.231813E-13
   927  4.245538E-13
   928  4.259292E-13
   929  4.273076E-13
   930  4.286890E-13
   931  4.300734E-13
   932  4.314607E-13
   933  4.328510E-13
   934  4.342443E-13
   935  4.356406E-13
   936  4.370399E-13
   937  4.384421E-13
   938  4.398474E-13
   939  4.412556E-13
   940  4.426669E-13
   941  4.440812E-13
   942  4.454985E-13
   943  4.469188E-13
   944  4.483420E-13
   945  4.497683E-13
   946  4.511978E-13
   947  4.526301E-13
   948  4.540655E-13
   949  4.555040E-13
   950  4.569454E-13
   951  4.583899E-13
   952  4.598375E-13
   953  4.612881E-13
   954  4.627418E-13
   955  4.641984E-13
   956  4.656582E-13
   957  4.671209E-13
   958  4.685868E-13
   959  4.700557E-13
   960  4.715277E-13
   961  4.730028E-13
   962  4.744808E-13
   963  4.759620E-13
   964  4.774463E-13
   965  4.789338E-13
   966  4.804243E-13
   967  4.819178E-13
   968  4.834144E-13
   969  4.849141E-13
   970  4.864170E-13
   971  4.879229E-13
   972  4.894318E-13
   973  4.909440E-13
   974  4.924593E-13
   975  4.939776E-13
   976  4.954993E-13
   977  4.970239E-13
   978  4.985516E-13
   979  5.000825E-13
   980  5.016164E-13
   981  5.031535E-13
   982  5.046937E-13
   983  5.062372E-13
   984  5.077837E-13
   985  5.093334E-13
   986  5.108863E-13
   987  5.124424E-13
   988  5.140015E-13
   989  5.155638E-13
   990  5.171293E-13
   991  5.186979E-13
   992  5.202697E-13
   993  5.218447E-13
   994  5.234228E-13
   995  5.250041E-13
   996  5.265886E-13
   997  5.281763E-13
   998  5.297674E-13
   999  5.313615E-13
   1000  5.329587E-13
