   27.76    
   31.15    
   30.04    
   28.46    
   26.94    
   25.49    
   24.03    
   22.54    
   21.05    
   19.61    
   18.26    
   17.02    
   15.91    
   14.93    
   14.06    
   13.30    
   12.63    
   12.04    
   11.52    
   11.05    
   10.62    
   10.21    
   9.820    
   9.418    
   8.995    
   8.541    
   8.047    
   7.507    
   6.918    
   6.281    
   5.598    
   4.872    
   4.113    
   3.330    
   2.543    
   1.791    
   1.179    
   1.018    
   1.445    
   2.077    
   1.455    
   1.065    
   1.264    
   1.897    
   2.683    
   3.522    
   4.379    
   5.238    
   6.087    
   6.920    
   7.731    
   8.517    
   9.276    
   10.01    
   10.73    
   11.43    
   12.14    
   12.87    
   13.63    
   14.46    
   15.38    
   16.41    
   17.57    
   18.84    
   20.22    
   21.67    
   23.16    
   24.62    
   26.03    
   27.35    
   28.58    
   29.75    
   30.89    
   32.06    
   33.30    
   34.55    
   35.57    
   35.53    
   27.76    
   29.89    
   28.30    
   26.80    
   25.40    
   24.03    
   22.70    
   21.44    
   20.29    
   19.30    
   18.46    
   17.77    
   17.18    
   16.69    
   16.28    
   15.92    
   15.60    
   15.30    
   15.03    
   14.75    
   14.45    
   14.12    
   13.75    
   13.32    
   12.81    
   12.24    
   11.57    
   10.81    
   9.881    
   8.744    
   7.532    
   6.246    
   4.894    
   3.487    
   2.045    
  0.6592    
   1.006    
   2.337    
   3.522    
   4.394    
   4.814    
   4.707    
   4.119    
   3.220    
   2.347    
   2.131    
   2.890    
   4.104    
   5.413    
   6.688    
   7.879    
   8.965    
   9.941    
   10.94    
   11.93    
   12.84    
   13.69    
   14.47    
   15.20    
   15.88    
   16.53    
   17.15    
   17.78    
   18.43    
   19.14    
   19.96    
   20.91    
   22.01    
   23.26    
   24.63    
   26.05    
   27.45    
   28.77    
   29.98    
   31.06    
   32.05    
   33.02    
   34.02    
   35.02    
   35.81    
   27.00    
   25.68    
   24.48    
   23.37    
   22.39    
   21.57    
   20.90    
   20.36    
   19.94    
   19.59    
   19.29    
   19.04    
   18.81    
   18.59    
   18.38    
   18.16    
   17.91    
   17.64    
   17.32    
   16.94    
   16.50    
   15.96    
   15.26    
   14.20    
   13.03    
   11.74    
   10.32    
   8.777    
   7.117    
   5.371    
   3.579    
   1.817    
  0.6301    
   1.843    
   3.294    
   4.564    
   5.593    
   6.366    
   6.884    
   7.161    
   7.210    
   7.030    
   6.614    
   5.969    
   5.156    
   4.348    
   3.912    
   4.247    
   5.323    
   6.788    
   8.365    
   9.898    
   11.31    
   12.56    
   13.64    
   14.55    
   15.32    
   16.21    
   17.09    
   17.90    
   18.65    
   19.35    
   20.01    
   20.65    
   21.27    
   21.90    
   22.57    
   23.34    
   24.24    
   25.30    
   26.51    
   27.83    
   29.18    
   30.46    
   31.60    
   32.58    
   33.41    
   34.17    
   34.91    
   25.17    
   24.29    
   23.58    
   23.00    
   22.55    
   22.20    
   21.91    
   21.66    
   21.43    
   21.22    
   21.02    
   20.83    
   20.64    
   20.44    
   20.22    
   19.99    
   19.72    
   19.41    
   19.03    
   18.25    
   17.30    
   16.23    
   15.01    
   13.64    
   12.10    
   10.40    
   8.573    
   6.671    
   4.788    
   3.132    
   2.295    
   2.890    
   4.156    
   5.451    
   6.586    
   7.508    
   8.214    
   8.722    
   9.062    
   9.261    
   9.340    
   9.309    
   9.163    
   8.887    
   8.466    
   7.907    
   7.269    
   6.701    
   6.448    
   6.758    
   7.684    
   9.058    
   10.65    
   12.26    
   13.78    
   15.12    
   16.26    
   17.20    
   17.95    
   18.55    
   19.11    
   19.92    
   20.68    
   21.41    
   22.12    
   22.82    
   23.50    
   24.18    
   24.87    
   25.62    
   26.46    
   27.44    
   28.56    
   29.80    
   31.07    
   32.28    
   33.32    
   34.15    
   34.80    
   24.75    
   24.37    
   24.06    
   23.80    
   23.56    
   23.33    
   23.10    
   22.88    
   22.66    
   22.45    
   22.26    
   22.07    
   21.91    
   21.74    
   21.58    
   21.39    
   20.83    
   20.07    
   19.22    
   18.26    
   17.15    
   15.85    
   14.38    
   12.72    
   10.93    
   9.070    
   7.247    
   5.669    
   4.679    
   4.619    
   5.376    
   6.491    
   7.637    
   8.657    
   9.495    
   10.14    
   10.62    
   10.94    
   11.16    
   11.28    
   11.34    
   11.34    
   11.31    
   11.22    
   11.08    
   10.85    
   10.54    
   10.16    
   9.776    
   9.520    
   9.552    
   10.01    
   10.92    
   12.20    
   13.68    
   15.20    
   16.63    
   17.89    
   18.93    
   19.75    
   20.37    
   20.82    
   21.15    
   21.56    
   22.27    
   22.99    
   23.73    
   24.49    
   25.25    
   26.03    
   26.81    
   27.63    
   28.52    
   29.51    
   30.62    
   31.81    
   33.02    
   34.13    
   35.02    
   25.37    
   25.17    
   24.94    
   24.69    
   24.43    
   24.16    
   23.90    
   23.65    
   23.43    
   23.25    
   23.12    
   23.04    
   22.99    
   22.91    
   22.29    
   21.66    
   20.99    
   20.22    
   19.32    
   18.25    
   16.99    
   15.54    
   13.94    
   12.24    
   10.53    
   8.970    
   7.773    
   7.181    
   7.300    
   7.981    
   8.944    
   9.955    
   10.88    
   11.64    
   12.24    
   12.68    
   12.98    
   13.17    
   13.28    
   13.33    
   13.35    
   13.34    
   13.33    
   13.32    
   13.31    
   13.28    
   13.22    
   13.13    
   13.00    
   12.85    
   12.77    
   12.82    
   13.12    
   13.74    
   14.67    
   15.86    
   17.17    
   18.50    
   19.71    
   20.75    
   21.56    
   22.15    
   22.54    
   22.78    
   22.90    
   22.96    
   23.57    
   24.28    
   25.05    
   25.87    
   26.73    
   27.62    
   28.53    
   29.47    
   30.45    
   31.51    
   32.65    
   33.83    
   34.95    
   26.14    
   25.87    
   25.56    
   25.24    
   24.91    
   24.60    
   24.33    
   24.13    
   24.01    
   23.98    
   24.03    
   24.03    
   23.48    
   22.98    
   22.48    
   21.94    
   21.30    
   20.52    
   19.57    
   18.44    
   17.13    
   15.69    
   14.17    
   12.69    
   11.38    
   10.43    
   9.986    
   10.10    
   10.67    
   11.49    
   12.38    
   13.21    
   13.92    
   14.48    
   14.90    
   15.18    
   15.36    
   15.45    
   15.49    
   15.48    
   15.45    
   15.42    
   15.40    
   15.40    
   15.44    
   15.50    
   15.57    
   15.66    
   15.75    
   15.83    
   15.91    
   16.02    
   16.21    
   16.52    
   17.01    
   17.72    
   18.63    
   19.68    
   20.78    
   21.83    
   22.74    
   23.46    
   23.96    
   24.25    
   24.37    
   24.35    
   24.25    
   24.13    
   24.67    
   25.40    
   26.24    
   27.15    
   28.13    
   29.14    
   30.19    
   31.25    
   32.35    
   33.49    
   34.65    
   26.62    
   26.24    
   25.85    
   25.47    
   25.12    
   24.86    
   24.70    
   24.67    
   24.76    
   24.95    
   24.46    
   24.01    
   23.64    
   23.29    
   22.90    
   22.42    
   21.80    
   21.03    
   20.08    
   18.98    
   17.75    
   16.45    
   15.18    
   14.07    
   13.25    
   12.85    
   12.91    
   13.35    
   14.03    
   14.82    
   15.58    
   16.24    
   16.77    
   17.18    
   17.46    
   17.64    
   17.75    
   17.79    
   17.78    
   17.74    
   17.69    
   17.64    
   17.60    
   17.60    
   17.63    
   17.71    
   17.84    
   18.01    
   18.22    
   18.45    
   18.70    
   18.97    
   19.26    
   19.58    
   19.96    
   20.42    
   21.01    
   21.71    
   22.51    
   23.36    
   24.19    
   24.90    
   25.46    
   25.81    
   25.96    
   25.92    
   25.75    
   25.50    
   25.21    
   25.01    
   25.69    
   26.51    
   27.44    
   28.48    
   29.58    
   30.73    
   31.91    
   33.10    
   34.29    
   26.82    
   26.37    
   25.95    
   25.59    
   25.34    
   25.23    
   25.29    
   25.50    
   25.36    
   24.88    
   24.54    
   24.29    
   24.07    
   23.83    
   23.52    
   23.08    
   22.51    
   21.78    
   20.90    
   19.90    
   18.82    
   17.74    
   16.78    
   16.04    
   15.64    
   15.61    
   15.92    
   16.48    
   17.15    
   17.84    
   18.47    
   18.99    
   19.40    
   19.70    
   19.91    
   20.05    
   20.12    
   20.15    
   20.13    
   20.09    
   20.04    
   19.99    
   19.95    
   19.94    
   19.97    
   20.05    
   20.17    
   20.36    
   20.60    
   20.89    
   21.24    
   21.63    
   22.04    
   22.47    
   22.90    
   23.35    
   23.82    
   24.32    
   24.87    
   25.47    
   26.08    
   26.66    
   27.15    
   27.49    
   27.65    
   27.62    
   27.41    
   27.08    
   26.67    
   26.23    
   25.83    
   25.99    
   26.79    
   27.73    
   28.80    
   29.97    
   31.21    
   32.49    
   33.78    
   26.88    
   26.43    
   26.07    
   25.84    
   25.79    
   25.92    
   26.22    
   25.76    
   25.34    
   25.07    
   24.91    
   24.81    
   24.71    
   24.54    
   24.29    
   23.91    
   23.39    
   22.74    
   21.96    
   21.09    
   20.20    
   19.37    
   18.69    
   18.26    
   18.14    
   18.31    
   18.73    
   19.29    
   19.91    
   20.50    
   21.01    
   21.45    
   21.79    
   22.05    
   22.25    
   22.39    
   22.47    
   22.52    
   22.52    
   22.50    
   22.47    
   22.44    
   22.42    
   22.43    
   22.46    
   22.52    
   22.63    
   22.79    
   23.02    
   23.31    
   23.68    
   24.11    
   24.60    
   25.12    
   25.64    
   26.15    
   26.64    
   27.10    
   27.54    
   27.96    
   28.38    
   28.77    
   29.12    
   29.36    
   29.47    
   29.41    
   29.18    
   28.80    
   28.30    
   27.75    
   27.18    
   26.66    
   26.37    
   27.15    
   28.10    
   29.20    
   30.41    
   31.72    
   33.08    
   26.98    
   26.62    
   26.41    
   26.39    
   26.57    
   26.86    
   26.26    
   25.86    
   25.63    
   25.53    
   25.51    
   25.51    
   25.48    
   25.38    
   25.18    
   24.86    
   24.42    
   23.85    
   23.19    
   22.46    
   21.75    
   21.12    
   20.67    
   20.45    
   20.48    
   20.75    
   21.18    
   21.71    
   22.25    
   22.77    
   23.23    
   23.62    
   23.96    
   24.23    
   24.46    
   24.64    
   24.77    
   24.86    
   24.91    
   24.93    
   24.94    
   24.95    
   24.96    
   24.99    
   25.03    
   25.10    
   25.19    
   25.32    
   25.51    
   25.77    
   26.11    
   26.53    
   27.03    
   27.59    
   28.17    
   28.75    
   29.29    
   29.78    
   30.21    
   30.57    
   30.87    
   31.12    
   31.31    
   31.42    
   31.43    
   31.31    
   31.02    
   30.59    
   30.03    
   29.39    
   28.71    
   28.04    
   27.43    
   26.93    
   27.65    
   28.61    
   29.73    
   30.97    
   32.31    
   27.26    
   27.05    
   27.04    
   27.24    
   27.51    
   26.89    
   26.48    
   26.25    
   26.18    
   26.21    
   26.27    
   26.34    
   26.36    
   26.31    
   26.16    
   25.90    
   25.53    
   25.05    
   24.48    
   23.88    
   23.31    
   22.83    
   22.52    
   22.42    
   22.53    
   22.81    
   23.23    
   23.71    
   24.20    
   24.68    
   25.13    
   25.53    
   25.90    
   26.24    
   26.53    
   26.77    
   26.97    
   27.12    
   27.22    
   27.30    
   27.36    
   27.42    
   27.47    
   27.54    
   27.60    
   27.68    
   27.76    
   27.87    
   28.02    
   28.23    
   28.52    
   28.91    
   29.38    
   29.93    
   30.53    
   31.14    
   31.72    
   32.25    
   32.70    
   33.06    
   33.32    
   33.49    
   33.57    
   33.57    
   33.47    
   33.25    
   32.90    
   32.41    
   31.79    
   31.08    
   30.32    
   29.55    
   28.82    
   28.17    
   27.63    
   28.32    
   29.29    
   30.41    
   31.67    
   27.78    
   27.77    
   27.96    
   28.34    
   27.69    
   27.23    
   26.98    
   26.89    
   26.92    
   27.01    
   27.13    
   27.23    
   27.29    
   27.28    
   27.18    
   26.98    
   26.67    
   26.25    
   25.76    
   25.24    
   24.76    
   24.37    
   24.14    
   24.08    
   24.21    
   24.49    
   24.87    
   25.32    
   25.80    
   26.27    
   26.74    
   27.19    
   27.63    
   28.03    
   28.39    
   28.71    
   28.98    
   29.19    
   29.36    
   29.50    
   29.62    
   29.73    
   29.84    
   29.94    
   30.05    
   30.14    
   30.23    
   30.32    
   30.44    
   30.61    
   30.86    
   31.19    
   31.62    
   32.14    
   32.72    
   33.32    
   33.92    
   34.47    
   34.94    
   35.32    
   35.57    
   35.71    
   35.73    
   35.65    
   35.47    
   35.17    
   34.75    
   34.20    
   33.52    
   32.75    
   31.92    
   31.08    
   30.27    
   29.52    
   28.87    
   28.34    
   29.17    
   30.15    
   31.27    
   28.55    
   28.72    
   29.07    
   28.66    
   28.15    
   27.83    
   27.68    
   27.68    
   27.76    
   27.89    
   28.03    
   28.15    
   28.23    
   28.26    
   28.19    
   28.03    
   27.75    
   27.37    
   26.92    
   26.45    
   26.02    
   25.67    
   25.47    
   25.42    
   25.54    
   25.80    
   26.16    
   26.59    
   27.07    
   27.57    
   28.07    
   28.58    
   29.07    
   29.54    
   29.97    
   30.35    
   30.68    
   30.96    
   31.19    
   31.39    
   31.57    
   31.74    
   31.91    
   32.06    
   32.20    
   32.32    
   32.43    
   32.52    
   32.62    
   32.77    
   32.98    
   33.27    
   33.66    
   34.14    
   34.69    
   35.27    
   35.85    
   36.40    
   36.88    
   37.27    
   37.53    
   37.66    
   37.66    
   37.54    
   37.30    
   36.94    
   36.46    
   35.86    
   35.15    
   34.34    
   33.47    
   32.57    
   31.71    
   30.90    
   30.18    
   29.56    
   29.34    
   30.18    
   31.16    
   29.51    
   29.82    
   29.78    
   29.22    
   28.82    
   28.60    
   28.52    
   28.54    
   28.64    
   28.77    
   28.91    
   29.04    
   29.14    
   29.17    
   29.13    
   28.98    
   28.71    
   28.35    
   27.92    
   27.47    
   27.04    
   26.71    
   26.50    
   26.44    
   26.55    
   26.78    
   27.13    
   27.56    
   28.04    
   28.56    
   29.09    
   29.63    
   30.16    
   30.66    
   31.13    
   31.55    
   31.92    
   32.25    
   32.54    
   32.80    
   33.05    
   33.29    
   33.52    
   33.73    
   33.91    
   34.07    
   34.19    
   34.30    
   34.41    
   34.54    
   34.74    
   35.01    
   35.37    
   35.82    
   36.34    
   36.89    
   37.46    
   37.99    
   38.47    
   38.85    
   39.12    
   39.26    
   39.25    
   39.12    
   38.85    
   38.46    
   37.95    
   37.32    
   36.59    
   35.76    
   34.87    
   33.96    
   33.07    
   32.23    
   31.48    
   30.82    
   30.26    
   30.49    
   31.33    
   30.58    
   30.97    
   30.42    
   29.95    
   29.63    
   29.45    
   29.39    
   29.41    
   29.49    
   29.60    
   29.72    
   29.84    
   29.93    
   29.97    
   29.92    
   29.77    
   29.51    
   29.14    
   28.71    
   28.26    
   27.83    
   27.49    
   27.27    
   27.19    
   27.27    
   27.49    
   27.83    
   28.24    
   28.72    
   29.23    
   29.75    
   30.28    
   30.80    
   31.29    
   31.75    
   32.17    
   32.56    
   32.92    
   33.26    
   33.58    
   33.90    
   34.21    
   34.50    
   34.77    
   35.00    
   35.20    
   35.36    
   35.49    
   35.62    
   35.77    
   35.97    
   36.24    
   36.60    
   37.04    
   37.54    
   38.08    
   38.63    
   39.16    
   39.62    
   40.01    
   40.28    
   40.43    
   40.44    
   40.31    
   40.04    
   39.64    
   39.12    
   38.50    
   37.77    
   36.95    
   36.07    
   35.17    
   34.28    
   33.45    
   32.70    
   32.03    
   31.46    
   31.02    
   31.74    
   31.65    
   31.70    
   31.18    
   30.77    
   30.49    
   30.31    
   30.23    
   30.22    
   30.25    
   30.31    
   30.40    
   30.49    
   30.56    
   30.58    
   30.52    
   30.36    
   30.09    
   29.73    
   29.29    
   28.83    
   28.39    
   28.03    
   27.79    
   27.69    
   27.75    
   27.94    
   28.24    
   28.63    
   29.06    
   29.53    
   30.00    
   30.46    
   30.91    
   31.33    
   31.73    
   32.11    
   32.48    
   32.85    
   33.23    
   33.61    
   33.99    
   34.36    
   34.72    
   35.05    
   35.33    
   35.57    
   35.77    
   35.94    
   36.10    
   36.29    
   36.52    
   36.83    
   37.21    
   37.67    
   38.19    
   38.73    
   39.29    
   39.81    
   40.28    
   40.68    
   40.97    
   41.14    
   41.17    
   41.07    
   40.82    
   40.44    
   39.94    
   39.34    
   38.64    
   37.86    
   37.02    
   36.16    
   35.31    
   34.51    
   33.78    
   33.14    
   32.58    
   32.08    
   32.31    
   32.67    
   32.45    
   31.99    
   31.61    
   31.32    
   31.12    
   30.99    
   30.91    
   30.88    
   30.88    
   30.91    
   30.96    
   30.99    
   30.98    
   30.91    
   30.74    
   30.46    
   30.09    
   29.66    
   29.19    
   28.74    
   28.36    
   28.10    
   27.97    
   27.99    
   28.13    
   28.38    
   28.70    
   29.06    
   29.43    
   29.79    
   30.13    
   30.45    
   30.75    
   31.04    
   31.34    
   31.67    
   32.02    
   32.41    
   32.83    
   33.26    
   33.68    
   34.09    
   34.47    
   34.80    
   35.08    
   35.33    
   35.55    
   35.77    
   36.01    
   36.31    
   36.67    
   37.11    
   37.62    
   38.18    
   38.76    
   39.34    
   39.89    
   40.39    
   40.81    
   41.14    
   41.35    
   41.42    
   41.36    
   41.16    
   40.82    
   40.37    
   39.81    
   39.17    
   38.46    
   37.69    
   36.90    
   36.12    
   35.38    
   34.70    
   34.11    
   33.58    
   33.11    
   32.98    
   33.56    
   33.20    
   32.77    
   32.39    
   32.07    
   31.81    
   31.61    
   31.46    
   31.35    
   31.28    
   31.24    
   31.22    
   31.20    
   31.16    
   31.06    
   30.89    
   30.61    
   30.25    
   29.82    
   29.35    
   28.89    
   28.49    
   28.20    
   28.03    
   27.99    
   28.07    
   28.24    
   28.46    
   28.70    
   28.93    
   29.14    
   29.31    
   29.46    
   29.60    
   29.74    
   29.93    
   30.16    
   30.47    
   30.84    
   31.27    
   31.72    
   32.18    
   32.62    
   33.02    
   33.38    
   33.70    
   34.00    
   34.28    
   34.57    
   34.90    
   35.28    
   35.74    
   36.26    
   36.85    
   37.48    
   38.13    
   38.77    
   39.37    
   39.91    
   40.39    
   40.76    
   41.03    
   41.18    
   41.18    
   41.05    
   40.78    
   40.40    
   39.92    
   39.35    
   38.72    
   38.05    
   37.35    
   36.67    
   36.01    
   35.42    
   34.89    
   34.41    
   33.98    
   33.66    
   34.28    
   33.87    
   33.45    
   33.06    
   32.70    
   32.38    
   32.10    
   31.86    
   31.66    
   31.50    
   31.38    
   31.29    
   31.21    
   31.13    
   31.01    
   30.83    
   30.56    
   30.21    
   29.78    
   29.32    
   28.85    
   28.43    
   28.09    
   27.86    
   27.75    
   27.74    
   27.80    
   27.90    
   28.00    
   28.06    
   28.09    
   28.07    
   28.03    
   27.97    
   27.95    
   27.99    
   28.12    
   28.34    
   28.66    
   29.05    
   29.49    
   29.93    
   30.37    
   30.77    
   31.15    
   31.49    
   31.83    
   32.18    
   32.56    
   32.99    
   33.49    
   34.07    
   34.71    
   35.41    
   36.14    
   36.87    
   37.59    
   38.26    
   38.88    
   39.42    
   39.87    
   40.22    
   40.44    
   40.54    
   40.50    
   40.33    
   40.05    
   39.66    
   39.19    
   38.67    
   38.10    
   37.52    
   36.95    
   36.40    
   35.90    
   35.45    
   35.05    
   34.67    
   34.29    
   34.79    
   34.41    
   34.00    
   33.58    
   33.17    
   32.79    
   32.43    
   32.11    
   31.82    
   31.57    
   31.36    
   31.19    
   31.05    
   30.92    
   30.77    
   30.58    
   30.32    
   29.98    
   29.57    
   29.11    
   28.63    
   28.17    
   27.78    
   27.48    
   27.28    
   27.16    
   27.10    
   27.06    
   27.00    
   26.89    
   26.74    
   26.53    
   26.28    
   26.05    
   25.85    
   25.73    
   25.73    
   25.84    
   26.06    
   26.38    
   26.74    
   27.13    
   27.51    
   27.89    
   28.25    
   28.61    
   28.99    
   29.42    
   29.90    
   30.45    
   31.08    
   31.79    
   32.57    
   33.40    
   34.25    
   35.08    
   35.89    
   36.65    
   37.34    
   37.97    
   38.50    
   38.94    
   39.27    
   39.47    
   39.55    
   39.50    
   39.33    
   39.05    
   38.70    
   38.30    
   37.86    
   37.40    
   36.96    
   36.53    
   36.14    
   35.79    
   35.46    
   35.14    
   34.80    
   35.06    
   34.78    
   34.38    
   33.94    
   33.48    
   33.04    
   32.62    
   32.23    
   31.86    
   31.53    
   31.23    
   30.98    
   30.76    
   30.57    
   30.39    
   30.18    
   29.93    
   29.60    
   29.20    
   28.73    
   28.23    
   27.73    
   27.28    
   26.90    
   26.60    
   26.37    
   26.18    
   26.00    
   25.79    
   25.52    
   25.19    
   24.81    
   24.40    
   23.99    
   23.63    
   23.36    
   23.21    
   23.18    
   23.28    
   23.47    
   23.71    
   23.99    
   24.29    
   24.59    
   24.92    
   25.29    
   25.71    
   26.21    
   26.80    
   27.48    
   28.26    
   29.12    
   30.05    
   31.01    
   31.98    
   32.92    
   33.81    
   34.65    
   35.42    
   36.12    
   36.74    
   37.28    
   37.71    
   38.04    
   38.24    
   38.32    
   38.28    
   38.13    
   37.91    
   37.63    
   37.32    
   37.01    
   36.69    
   36.40    
   36.12    
   35.87    
   35.63    
   35.37    
   35.14    
   35.07    
   34.95    
   34.56    
   34.10    
   33.62    
   33.14    
   32.67    
   32.22    
   31.80    
   31.40    
   31.03    
   30.70    
   30.41    
   30.15    
   29.92    
   29.68    
   29.41    
   29.08    
   28.68    
   28.21    
   27.69    
   27.15    
   26.63    
   26.15    
   25.75    
   25.40    
   25.09    
   24.79    
   24.44    
   24.04    
   23.58    
   23.06    
   22.51    
   21.96    
   21.47    
   21.06    
   20.76    
   20.59    
   20.53    
   20.56    
   20.65    
   20.79    
   20.96    
   21.18    
   21.46    
   21.82    
   22.28    
   22.87    
   23.57    
   24.39    
   25.31    
   26.33    
   27.39    
   28.47    
   29.54    
   30.56    
   31.52    
   32.41    
   33.24    
   34.00    
   34.69    
   35.31    
   35.85    
   36.30    
   36.63    
   36.85    
   36.94    
   36.93    
   36.84    
   36.69    
   36.52    
   36.34    
   36.17    
   36.00    
   35.85    
   35.70    
   35.55    
   35.35    
   35.26    
   34.82    
   34.88    
   34.52    
   34.07    
   33.59    
   33.08    
   32.58    
   32.11    
   31.65    
   31.20    
   30.78    
   30.39    
   30.03    
   29.70    
   29.41    
   29.13    
   28.83    
   28.48    
   28.07    
   27.59    
   27.04    
   26.45    
   25.86    
   25.30    
   24.80    
   24.35    
   23.93    
   23.51    
   23.07    
   22.57    
   22.00    
   21.38    
   20.74    
   20.09    
   19.49    
   18.97    
   18.54    
   18.22    
   18.00    
   17.85    
   17.78    
   17.76    
   17.80    
   17.92    
   18.16    
   18.52    
   19.03    
   19.70    
   20.51    
   21.46    
   22.53    
   23.67    
   24.85    
   26.02    
   27.14    
   28.19    
   29.18    
   30.08    
   30.93    
   31.71    
   32.45    
   33.14    
   33.78    
   34.34    
   34.80    
   35.14    
   35.37    
   35.49    
   35.53    
   35.51    
   35.47    
   35.43    
   35.39    
   35.36    
   35.33    
   35.29    
   35.21    
   35.07    
   35.15    
   34.32    
   34.54    
   34.24    
   33.84    
   33.36    
   32.86    
   32.36    
   31.87    
   31.40    
   30.95    
   30.50    
   30.07    
   29.65    
   29.27    
   28.91    
   28.56    
   28.22    
   27.84    
   27.41    
   26.91    
   26.34    
   25.71    
   25.06    
   24.42    
   23.83    
   23.28    
   22.77    
   22.26    
   21.74    
   21.17    
   20.55    
   19.87    
   19.16    
   18.46    
   17.78    
   17.17    
   16.63    
   16.18    
   15.81    
   15.51    
   15.27    
   15.11    
   15.04    
   15.09    
   15.30    
   15.68    
   16.25    
   17.01    
   17.93    
   19.01    
   20.19    
   21.42    
   22.66    
   23.85    
   24.97    
   25.99    
   26.93    
   27.80    
   28.61    
   29.38    
   30.13    
   30.87    
   31.58    
   32.23    
   32.80    
   33.26    
   33.61    
   33.85    
   34.01    
   34.12    
   34.22    
   34.31    
   34.41    
   34.50    
   34.59    
   34.64    
   34.64    
   34.56    
   34.79    
   33.60    
   33.80    
   33.73    
   33.37    
   32.94    
   32.46    
   31.98    
   31.50    
   31.05    
   30.61    
   30.18    
   29.74    
   29.30    
   28.86    
   28.45    
   28.04    
   27.64    
   27.22    
   26.76    
   26.24    
   25.65    
   25.00    
   24.30    
   23.60    
   22.92    
   22.29    
   21.70    
   21.13    
   20.55    
   19.94    
   19.28    
   18.57    
   17.83    
   17.09    
   16.37    
   15.70    
   15.08    
   14.53    
   14.04    
   13.61    
   13.26    
   13.00    
   12.86    
   12.88    
   13.10    
   13.53    
   14.18    
   15.03    
   16.07    
   17.24    
   18.49    
   19.75    
   20.97    
   22.11    
   23.13    
   24.05    
   24.88    
   25.64    
   26.36    
   27.07    
   27.80    
   28.56    
   29.32    
   30.06    
   30.71    
   31.27    
   31.71    
   32.05    
   32.33    
   32.56    
   32.79    
   33.02    
   33.25    
   33.47    
   33.66    
   33.80    
   33.86    
   34.00    
   34.18    
   32.71    
   32.89    
   32.92    
   32.68    
   32.31    
   31.88    
   31.43    
   30.99    
   30.57    
   30.17    
   29.77    
   29.36    
   28.93    
   28.49    
   28.04    
   27.59    
   27.14    
   26.68    
   26.19    
   25.65    
   25.05    
   24.39    
   23.67    
   22.92    
   22.18    
   21.48    
   20.82    
   20.19    
   19.56    
   18.92    
   18.24    
   17.52    
   16.77    
   16.01    
   15.26    
   14.55    
   13.88    
   13.27    
   12.71    
   12.21    
   11.80    
   11.50    
   11.36    
   11.42    
   11.69    
   12.21    
   12.95    
   13.91    
   15.03    
   16.25    
   17.50    
   18.72    
   19.83    
   20.82    
   21.68    
   22.41    
   23.05    
   23.64    
   24.22    
   24.84    
   25.53    
   26.28    
   27.08    
   27.86    
   28.58    
   29.20    
   29.72    
   30.16    
   30.54    
   30.90    
   31.26    
   31.63    
   31.98    
   32.32    
   32.60    
   32.82    
   32.97    
   33.17    
   33.32    
   31.73    
   31.86    
   31.87    
   31.74    
   31.45    
   31.10    
   30.71    
   30.31    
   29.93    
   29.57    
   29.23    
   28.88    
   28.50    
   28.09    
   27.65    
   27.20    
   26.72    
   26.24    
   25.74    
   25.20    
   24.60    
   23.95    
   23.23    
   22.47    
   21.70    
   20.94    
   20.22    
   19.53    
   18.86    
   18.19    
   17.49    
   16.76    
   16.00    
   15.23    
   14.47    
   13.74    
   13.05    
   12.41    
   11.83    
   11.32    
   10.92    
   10.66    
   10.59    
   10.73    
   11.11    
   11.73    
   12.59    
   13.63    
   14.79    
   16.00    
   17.17    
   18.24    
   19.17    
   19.93    
   20.54    
   21.01    
   21.41    
   21.78    
   22.19    
   22.69    
   23.32    
   24.06    
   24.86    
   25.68    
   26.43    
   27.11    
   27.70    
   28.23    
   28.72    
   29.22    
   29.71    
   30.20    
   30.68    
   31.11    
   31.48    
   31.74    
   31.95    
   32.11    
   32.23    
   30.74    
   30.81    
   30.79    
   30.63    
   30.36    
   30.10    
   29.79    
   29.46    
   29.13    
   28.82    
   28.52    
   28.24    
   27.94    
   27.60    
   27.23    
   26.81    
   26.36    
   25.89    
   25.40    
   24.89    
   24.33    
   23.71    
   23.04    
   22.30    
   21.53    
   20.75    
   19.98    
   19.24    
   18.52    
   17.81    
   17.08    
   16.33    
   15.56    
   14.79    
   14.02    
   13.29    
   12.60    
   11.96    
   11.40    
   10.94    
   10.61    
   10.45    
   10.49    
   10.76    
   11.27    
   12.02    
   12.96    
   14.04    
   15.18    
   16.30    
   17.31    
   18.16    
   18.83    
   19.29    
   19.59    
   19.76    
   19.87    
   20.00    
   20.22    
   20.60    
   21.16    
   21.88    
   22.69    
   23.52    
   24.31    
   25.03    
   25.70    
   26.34    
   26.96    
   27.59    
   28.22    
   28.84    
   29.41    
   29.93    
   30.34    
   30.56    
   30.71    
   30.83    
   30.97    
   29.82    
   29.82    
   29.75    
   29.57    
   29.26    
   28.84    
   28.64    
   28.39    
   28.13    
   27.88    
   27.64    
   27.41    
   27.19    
   26.94    
   26.66    
   26.34    
   25.97    
   25.57    
   25.14    
   24.69    
   24.20    
   23.67    
   23.08    
   22.42    
   21.69    
   20.92    
   20.14    
   19.36    
   18.59    
   17.84    
   17.07    
   16.30    
   15.51    
   14.72    
   13.95    
   13.22    
   12.55    
   11.95    
   11.45    
   11.07    
   10.85    
   10.82    
   11.00    
   11.41    
   12.05    
   12.88    
   13.86    
   14.92    
   15.96    
   16.91    
   17.69    
   18.26    
   18.60    
   18.73    
   18.68    
   18.52    
   18.33    
   18.20    
   18.24    
   18.52    
   19.03    
   19.74    
   20.56    
   21.41    
   22.25    
   23.05    
   23.83    
   24.60    
   25.37    
   26.14    
   26.89    
   27.61    
   28.27    
   28.83    
   29.01    
   29.14    
   29.26    
   29.40    
   29.59    
   29.02    
   28.97    
   28.83    
   28.61    
   28.29    
   27.85    
   27.29    
   27.08    
   26.91    
   26.73    
   26.55    
   26.38    
   26.22    
   26.06    
   25.88    
   25.67    
   25.43    
   25.15    
   24.84    
   24.50    
   24.14    
   23.73    
   23.27    
   22.74    
   22.12    
   21.43    
   20.68    
   19.90    
   19.11    
   18.31    
   17.51    
   16.70    
   15.88    
   15.08    
   14.30    
   13.58    
   12.93    
   12.38    
   11.96    
   11.68    
   11.59    
   11.68    
   12.00    
   12.52    
   13.24    
   14.11    
   15.06    
   16.02    
   16.89    
   17.59    
   18.08    
   18.32    
   18.31    
   18.06    
   17.65    
   17.13    
   16.63    
   16.27    
   16.16    
   16.37    
   16.88    
   17.62    
   18.49    
   19.42    
   20.35    
   21.29    
   22.21    
   23.14    
   24.06    
   24.95    
   25.81    
   26.60    
   27.22    
   27.33    
   27.43    
   27.54    
   27.68    
   27.89    
   28.17    
   28.28    
   28.26    
   28.10    
   27.84    
   27.49    
   27.05    
   26.50    
   25.82    
   25.40    
   25.32    
   25.22    
   25.12    
   25.01    
   24.92    
   24.82    
   24.72    
   24.60    
   24.47    
   24.31    
   24.14    
   23.94    
   23.72    
   23.45    
   23.10    
   22.66    
   22.12    
   21.49    
   20.78    
   20.01    
   19.21    
   18.38    
   17.54    
   16.69    
   15.87    
   15.08    
   14.37    
   13.75    
   13.25    
   12.90    
   12.72    
   12.73    
   12.93    
   13.34    
   13.93    
   14.66    
   15.49    
   16.34    
   17.11    
   17.74    
   18.14    
   18.29    
   18.15    
   17.75    
   17.11    
   16.30    
   15.42    
   14.62    
   14.07    
   13.89    
   14.12    
   14.73    
   15.59    
   16.61    
   17.69    
   18.79    
   19.90    
   21.00    
   22.08    
   23.12    
   24.11    
   25.02    
   25.46    
   25.52    
   25.58    
   25.68    
   25.83    
   26.07    
   26.38    
   26.77    
   27.50    
   27.58    
   27.49    
   27.26    
   26.91    
   26.46    
   25.92    
   25.28    
   24.51    
   23.62    
   23.56    
   23.55    
   23.52    
   23.49    
   23.46    
   23.43    
   23.42    
   23.40    
   23.40    
   23.40    
   23.40    
   23.39    
   23.34    
   23.24    
   23.05    
   22.74    
   22.31    
   21.76    
   21.11    
   20.37    
   19.56    
   18.73    
   17.88    
   17.04    
   16.25    
   15.54    
   14.94    
   14.49    
   14.19    
   14.07    
   14.15    
   14.41    
   14.85    
   15.44    
   16.12    
   16.83    
   17.49    
   18.01    
   18.33    
   18.38    
   18.13    
   17.58    
   16.74    
   15.66    
   14.43    
   13.20    
   12.16    
   11.52    
   11.42    
   11.86    
   12.74    
   13.87    
   15.14    
   16.46    
   17.78    
   19.07    
   20.32    
   21.50    
   22.61    
   23.55    
   23.55    
   23.55    
   23.58    
   23.68    
   23.86    
   24.13    
   24.50    
   24.93    
   25.35    
   26.60    
   26.81    
   26.87    
   26.76    
   26.49    
   26.08    
   25.56    
   24.95    
   24.24    
   23.42    
   22.46    
   21.56    
   21.63    
   21.69    
   21.73    
   21.77    
   21.82    
   21.89    
   21.98    
   22.11    
   22.28    
   22.47    
   22.66    
   22.83    
   22.93    
   22.93    
   22.80    
   22.52    
   22.08    
   21.51    
   20.83    
   20.06    
   19.26    
   18.44    
   17.67    
   16.97    
   16.38    
   15.94    
   15.68    
   15.59    
   15.69    
   15.95    
   16.37    
   16.88    
   17.43    
   17.94    
   18.34    
   18.54    
   18.48    
   18.11    
   17.41    
   16.38    
   15.05    
   13.49    
   11.84    
   10.30    
   9.151    
   8.681    
   9.006    
   9.981    
   11.34    
   12.87    
   14.44    
   15.99    
   17.47    
   18.88    
   20.18    
   21.39    
   21.48    
   21.41    
   21.38    
   21.41    
   21.53    
   21.76    
   22.10    
   22.53    
   23.01    
   23.47    
   23.87    
   25.59    
   25.88    
   26.09    
   26.16    
   26.08    
   25.81    
   25.39    
   24.84    
   24.19    
   23.43    
   22.58    
   21.60    
   20.49    
   19.36    
   19.50    
   19.62    
   19.74    
   19.87    
   20.02    
   20.21    
   20.46    
   20.78    
   21.15    
   21.55    
   21.94    
   22.28    
   22.50    
   22.58    
   22.49    
   22.22    
   21.78    
   21.21    
   20.53    
   19.81    
   19.09    
   18.42    
   17.85    
   17.43    
   17.16    
   17.07    
   17.15    
   17.37    
   17.69    
   18.06    
   18.41    
   18.65    
   18.70    
   18.49    
   17.97    
   17.10    
   15.86    
   14.27    
   12.40    
   10.36    
   8.331    
   6.645    
   5.811    
   6.194    
   7.519    
   9.270    
   11.13    
   12.97    
   14.72    
   16.35    
   17.86    
   19.24    
   19.21    
   19.08    
   18.99    
   18.97    
   19.04    
   19.24    
   19.56    
   20.00    
   20.51    
   21.06    
   21.59    
   22.12    
   22.66    
   24.35    
   24.78    
   25.11    
   25.34    
   25.46    
   25.43    
   25.22    
   24.84    
   24.31    
   23.65    
   22.89    
   22.02    
   21.05    
   19.95    
   18.72    
   17.34    
   16.99    
   17.19    
   17.41    
   17.64    
   17.93    
   18.28    
   18.72    
   19.24    
   19.82    
   20.42    
   20.99    
   21.47    
   21.81    
   21.96    
   21.92    
   21.69    
   21.29    
   20.77    
   20.19    
   19.61    
   19.09    
   18.68    
   18.41    
   18.29    
   18.31    
   18.44    
   18.61    
   18.77    
   18.83    
   18.70    
   18.30    
   17.58    
   16.49    
   15.01    
   13.17    
   11.01    
   8.620    
   6.147    
   3.878    
   2.749    
   3.866    
   5.957    
   8.168    
   10.30    
   12.29    
   14.13    
   15.81    
   16.78    
   16.57    
   16.39    
   16.26    
   16.21    
   16.27    
   16.47    
   16.82    
   17.30    
   17.89    
   18.55    
   19.24    
   19.95    
   20.69    
   21.47    
   22.25    
   22.70    
   23.29    
   23.82    
   24.24    
   24.55    
   24.74    
   24.80    
   24.70    
   24.42    
   23.97    
   23.37    
   22.64    
   21.81    
   20.86    
   19.81    
   18.64    
   17.35    
   15.91    
   14.31    
   14.19    
   14.53    
   14.91    
   15.36    
   15.89    
   16.52    
   17.24    
   18.02    
   18.81    
   19.55    
   20.18    
   20.65    
   20.92    
   20.98    
   20.85    
   20.56    
   20.19    
   19.79    
   19.44    
   19.18    
   19.02    
   18.95    
   18.94    
   18.89    
   18.74    
   18.38    
   17.74    
   16.75    
   15.39    
   13.66    
   11.58    
   9.230    
   6.680    
   4.024    
   1.379    
   1.412    
   3.914    
   6.315    
   8.564    
   10.65    
   12.56    
   13.88    
   13.60    
   13.34    
   13.13    
   12.99    
   12.97    
   13.10    
   13.39    
   13.86    
   14.48    
   15.24    
   16.08    
   16.98    
   17.92    
   18.89    
   19.88    
   20.82    
   21.58    
   22.01    
   21.35    
   21.59    
   22.07    
   22.64    
   23.17    
   23.62    
   23.95    
   24.15    
   24.20    
   24.09    
   23.80    
   23.35    
   22.74    
   22.00    
   21.14    
   20.17    
   19.10    
   17.93    
   16.65    
   15.26    
   13.75    
   12.12    
   10.86    
   11.44    
   12.09    
   12.83    
   13.67    
   14.58    
   15.54    
   16.51    
   17.43    
   18.25    
   18.92    
   19.39    
   19.64    
   19.70    
   19.60    
   19.42    
   19.21    
   19.03    
   18.84    
   18.60    
   18.20    
   17.55    
   16.59    
   15.29    
   13.67    
   11.77    
   9.687    
   7.554    
   5.569    
   4.144    
   3.958    
   5.060    
   6.745    
   8.576    
   10.39    
   10.35    
   9.898    
   9.512    
   9.209    
   9.019    
   8.980    
   9.131    
   9.497    
   10.08    
   10.87    
   11.82    
   12.88    
   14.02    
   15.20    
   16.39    
   17.57    
   18.71    
   19.73    
   20.54    
   20.99    
   20.96    
   20.41    
   20.87    
   20.71    
   20.68    
   20.87    
   21.29    
   21.83    
   22.39    
   22.89    
   23.29    
   23.55    
   23.68    
   23.64    
   23.44    
   23.08    
   22.55    
   21.89    
   21.11    
   20.21    
   19.23    
   18.16    
   17.01    
   15.80    
   14.54    
   13.24    
   11.93    
   10.65    
   9.474    
   9.130    
   10.18    
   11.26    
   12.37    
   13.48    
   14.57    
   15.60    
   16.53    
   17.31    
   17.89    
   18.21    
   18.29    
   18.13    
   17.73    
   17.02    
   16.00    
   14.72    
   13.26    
   11.76    
   10.32    
   9.072    
   8.171    
   7.755    
   7.888    
   8.507    
   8.125    
   7.169    
   6.267    
   5.434    
   4.702    
   4.139    
   3.852    
   3.947    
   4.448    
   5.285    
   6.360    
   7.592    
   8.925    
   10.31    
   11.72    
   13.13    
   14.50    
   15.82    
   17.06    
   18.19    
   19.12    
   19.80    
   20.11    
   19.98    
   19.39    
   18.61    
   18.48    
   27.76    
   20.81    
   20.24    
   20.03    
   19.95    
   20.06    
   20.38    
   20.86    
   21.41    
   21.97    
   22.46    
   22.86    
   23.13    
   23.26    
   23.25    
   23.08    
   22.78    
   22.33    
   21.77    
   21.11    
   20.36    
   19.55    
   18.69    
   17.80    
   16.91    
   16.04    
   15.21    
   14.46    
   13.81    
   13.30    
   12.96    
   12.79    
   12.81    
   13.00    
   13.35    
   13.82    
   14.38    
   14.99    
   15.61    
   16.38    
   15.58    
   14.88    
   14.10    
   13.27    
   12.39    
   11.47    
   10.51    
   9.525    
   8.526    
   7.518    
   6.512    
   5.524    
   4.581    
   3.738    
   3.111    
   2.885    
   3.190    
   3.938    
   4.961    
   6.140    
   7.412    
   8.737    
   10.09    
   11.43    
   12.76    
   14.05    
   15.27    
   16.40    
   17.41    
   18.27    
   18.91    
   19.27    
   19.29    
   18.90    
   18.18    
   17.44    
   17.50    
   19.71    
   27.76    
