  -0.9571   0.1236
  -0.9315   0.1180
  -0.9247   0.1100
  -0.9154   0.1177
  -0.9086   0.1241
  -0.9099   0.1307
  -0.8960   0.1434
  -0.8718   0.1495
  -0.8593   0.1544
  -0.8614   0.1428
  -0.8357   0.1566
  -0.8256   0.1487
  -0.8151   0.1421
  -0.8164   0.1344
  -0.7470   0.1283
  -0.7374   0.1205
  -0.7351   0.1102
  -0.7148   0.1011
  -0.7089   0.0896
  -0.6977   0.0806
  -0.6910   0.0755
  -0.6531   0.0714
  -0.6415   0.0650
  -0.6335   0.0586
  -0.6277   0.0535
  -0.6208   0.0485
  -0.6200   0.0383
  -0.6167   0.0257
  -0.6096   0.0206
  -0.6121   0.0105
  -0.6206   0.0004
  -0.6326  -0.0118
  -0.6230   0.0004
  -0.5905  -0.0067
  -0.5638  -0.0130
  -0.5517  -0.0180
  -0.5443  -0.0255
  -0.5392  -0.0343
  -0.5272  -0.0293
  -0.5149  -0.0368
  -0.4796  -0.0417
  -0.4672  -0.0504
  -0.4572  -0.0579
  -0.4472  -0.0641
  -0.4285  -0.0740
  -0.4254  -0.0877
  -0.4258  -0.1002
  -0.4276  -0.1114
  -0.4350  -0.1239
  -0.4486  -0.1340
  -0.4483  -0.1377
  -0.4478  -0.1427
  -0.4590  -0.1503
  -0.4581  -0.1590
  -0.4693  -0.1653
  -0.4681  -0.1752
  -0.4665  -0.1876
  -0.4648  -0.2000
  -0.4629  -0.2124
  -0.4616  -0.2211
  -0.4720  -0.2287
  -0.4587  -0.2384
  -0.4683  -0.2496
  -0.4775  -0.2621
  -0.4750  -0.2744
  -0.4838  -0.2869
  -0.5166  -0.2925
  -0.5271  -0.2965
  -0.5356  -0.3066
  -0.5452  -0.3130
  -0.5438  -0.3179
  -0.5516  -0.3292
  -0.5379  -0.3375
  -0.5451  -0.3500
  -0.5427  -0.3573
  -0.5512  -0.3649
  -0.5478  -0.3746
  -0.5546  -0.3859
  -0.5509  -0.3956
  -0.5593  -0.4008
  -0.5559  -0.4092
  -0.5634  -0.4168
  -0.5603  -0.4241
  -0.5670  -0.4329
  -0.6107  -0.4285
  -0.6066  -0.4370
  -0.5900  -0.4497
  -0.5840  -0.4617
  -0.5803  -0.4688
  -0.5778  -0.4736
  -0.5851  -0.4788
  -0.6014  -0.4857
  -0.6171  -0.4926
  -0.6114  -0.5021
  -0.6085  -0.5069
  -0.6142  -0.5133
  -0.6359  -0.5096
  -0.6321  -0.5155
  -0.6258  -0.5250
  -0.6112  -0.5326
  -0.6128  -0.5437
  -0.6070  -0.5519
  -0.6019  -0.5588
  -0.6153  -0.5658
  -0.6187  -0.5734
  -0.6045  -0.5797
  -0.6008  -0.5843
  -0.5867  -0.5905
  -0.5821  -0.5962
  -0.5877  -0.6003
  -0.5820  -0.6071
  -0.5844  -0.6145
  -0.5794  -0.6202
  99.0000  -0.6202
  -0.4961  -0.6379
  -0.5085  -0.6328
  -0.5122  -0.6284
  -0.4845  -0.6312
  -0.4888  -0.6362
  -0.4961  -0.6379
  99.0000  -0.6379
  -0.5794  -0.6202
  -0.5845  -0.6242
  -0.5783  -0.6310
  -0.5718  -0.6377
  -0.5579  -0.6437
  -0.5495  -0.6526
  -0.5442  -0.6582
  -0.5310  -0.6630
  -0.5184  -0.6679
  -0.5130  -0.6734
  -0.5305  -0.6797
  -0.5414  -0.6771
  -0.5565  -0.6701
  -0.5718  -0.6630
  -0.5875  -0.6560
  -0.5988  -0.6448
  -0.6153  -0.6365
  -0.6231  -0.6287
  -0.6318  -0.6196
  -0.6403  -0.6105
  -0.6498  -0.6003
  -0.6601  -0.5888
  -0.6642  -0.5842
  -0.6702  -0.5772
  -0.6686  -0.5684
  -0.6754  -0.5603
  -0.6810  -0.5533
  -0.6894  -0.5427
  -0.6893  -0.5303
  -0.6949  -0.5357
  -0.6963  -0.5457
  -0.7018  -0.5387
  -0.7082  -0.5304
  -0.7145  -0.5221
  -0.7251  -0.5078
  -0.7244  -0.4953
  -0.7411  -0.4851
  -0.7492  -0.4730
  -0.7491  -0.4579
  -0.7466  -0.4452
  -0.7539  -0.4330
  -0.7608  -0.4207
  -0.7676  -0.4085
  -0.7742  -0.3961
  -0.7793  -0.3862
  -0.7725  -0.3783
  -0.7873  -0.3701
  -0.7803  -0.3622
  -0.7860  -0.3497
  -0.7925  -0.3347
  -0.7983  -0.3209
  -0.8033  -0.3084
  -0.8081  -0.2958
  -0.8018  -0.2828
  -0.8061  -0.2701
  -0.8103  -0.2575
  -0.8142  -0.2448
  -0.8291  -0.2324
  -0.8316  -0.2234
  -0.8458  -0.2135
  -0.8588  -0.2074
  -0.8715  -0.2025
  -0.8841  -0.1977
  -0.8984  -0.1864
  -0.9009  -0.1760
  -0.9149  -0.1646
  -0.9173  -0.1529
  -0.9308  -0.1428
  -0.9329  -0.1311
  -0.9430  -0.1182
  -0.9496  -0.1052
  -0.9583  -0.0922
  -0.9638  -0.0844
  -0.9772  -0.0780
  -0.9783  -0.0661
  -0.9804  -0.0543
  -0.9717  -0.0464
  -0.9652  -0.0384
  -0.9772  -0.0293
  -0.9777  -0.0135
  -0.9697   0.0004
  -0.9615   0.0135
  -0.9531   0.0213
  -0.9468   0.0357
  -0.9310   0.0487
  -0.9325   0.0605
  -0.9325   0.0736
  -0.9300   0.0866
  -0.9358   0.0958
  -0.9387   0.1089
  -0.9432   0.1169
  -0.9592   0.1105
  99.0000   0.1105
   0.3606   0.3816
   0.3793   0.3941
   0.3760   0.4060
   0.3832   0.4182
   0.3807   0.4265
   0.3775   0.4372
   0.3733   0.4502
   0.3548   0.4426
   0.3447   0.4411
  99.0000   0.4411
   0.3481   0.4293
   0.3498   0.4234
   0.3586   0.4295
   0.3674   0.4357
   0.3481   0.4293
  99.0000   0.4293
   0.3447   0.4411
   0.3326   0.4480
   0.3239   0.4418
   0.3018   0.4461
   0.2890   0.4565
   0.2769   0.4633
   0.2745   0.4726
   0.2626   0.4794
   0.2702   0.4890
   0.2971   0.4990
   0.3322   0.5116
   0.3776   0.4954
   0.3874   0.4957
   0.3995   0.5138
   0.3732   0.5305
   0.3564   0.5474
   0.3451   0.5517
   0.3451   0.5726
   0.3130   0.5622
   0.3371   0.5491
   0.3193   0.5462
   0.3069   0.5539
   0.3051   0.5585
   0.2849   0.5636
   0.2765   0.5611
   0.2783   0.5276
   0.2872   0.4987
   0.2686   0.4948
   0.2404   0.4872
   0.2296   0.4916
   0.2320   0.4812
   0.2437   0.4732
   0.2448   0.4685
   0.2566   0.4617
   0.2482   0.4533
   0.2379   0.4543
  99.0000   0.4543
   0.4392   0.5508
   0.4484   0.5677
   0.4468   0.5852
   0.4643   0.5862
   0.4890   0.5615
   0.4756   0.5525
   0.5045   0.5182
   0.5089   0.5100
   0.5252   0.5156
   0.5368   0.4751
   0.5575   0.4529
   0.5392   0.4485
   0.5010   0.4652
   0.4984   0.4915
   0.4482   0.5335
   0.4392   0.5508
  99.0000   0.5508
   0.2522   0.4345
   0.2642   0.4276
   0.2632   0.4323
   0.2522   0.4345
  99.0000   0.4345
   0.2379   0.4543
   0.2401   0.4437
   0.2284   0.4494
   0.2291   0.4459
   0.2282   0.4506
   0.2158   0.4610
   0.2148   0.4657
   0.2132   0.4738
   0.2010   0.4842
   0.1993   0.4923
   0.1967   0.5050
   0.1858   0.5118
   0.1746   0.5185
   0.1638   0.5241
   0.1533   0.5286
   0.1424   0.5376
   0.1417   0.5422
   0.1311   0.5489
   0.1227   0.5419
   0.1143   0.5338
   0.1245   0.5294
   0.1349   0.5249
   0.1359   0.5180
   0.1468   0.5112
   0.1475   0.5066
   0.1577   0.5033
   0.1684   0.4988
   0.1792   0.4943
   0.1905   0.4875
   0.1696   0.4918
   0.1710   0.4837
   0.1718   0.4791
   0.1727   0.4732
   0.1741   0.4651
   0.1645   0.4603
   0.1631   0.4696
  99.0000   0.4696
   0.1641   0.4626
   0.1343   0.4552
   0.1561   0.4484
   0.1565   0.4449
   0.1559   0.4496
   0.1549   0.4566
   0.1641   0.4626
  99.0000   0.4626
   0.1631   0.4696
   0.1612   0.4812
   0.1500   0.4904
   0.1392   0.4961
   0.1286   0.5006
   0.1177   0.5074
   0.1069   0.5154
   0.1065   0.5188
  99.0000   0.5188
   0.0972   0.5176
   0.0879   0.5129
   0.0886   0.5048
   0.0891   0.5002
   0.0980   0.5095
   0.0972   0.5176
  99.0000   0.5176
   0.0893   0.4979
   0.0998   0.4922
   0.1007   0.4841
   0.1017   0.4736
   0.0905   0.4840
   0.0799   0.4909
   0.0796   0.4944
   0.0893   0.4979
  99.0000   0.4979
   0.0301   0.4837
   0.0303   0.4756
   0.0302   0.4814
   0.0301   0.4837
  99.0000   0.4837
   0.1065   0.5188
   0.0958   0.5302
   0.0857   0.5347
   0.0767   0.5278
   0.0677   0.5197
   0.0483   0.5230
   0.0290   0.5184
   0.0293   0.5080
   0.0295   0.5034
   0.0200   0.4988
   0.0000   0.4848
  -0.0001   0.4795
   0.0000   0.4709
  -0.0002   0.4643
  -0.0102   0.4573
  -0.0208   0.4480
  -0.0521   0.4422
  -0.0523   0.4387
  99.0000   0.4387
   1.2560   0.1435
   1.2487   0.1323
   1.2417   0.1238
   1.2384   0.1183
   1.2329   0.1291
   1.2352   0.1388
   1.2223   0.1467
   1.2104   0.1505
   1.2066   0.1654
   1.1932   0.1745
   1.1795   0.1836
   1.1742   0.1630
   1.1666   0.1492
   1.1696   0.1357
   1.1751   0.1250
   1.1863   0.1130
   1.1929   0.1009
   1.1983   0.0942
   1.2162   0.0863
   1.2245   0.0727
   1.2304   0.0591
   1.2304   0.0454
   1.2380   0.0317
   1.2407   0.0194
   1.2248   0.0275
   1.2156   0.0343
   1.2069   0.0479
   1.1993   0.0587
   1.1947   0.0805
   1.1870   0.0953
   1.1786   0.1061
   1.1677   0.1113
   1.1643   0.1234
   1.1696   0.1357
   1.1663   0.1506
   1.1622   0.1668
   1.1585   0.1802
   1.1433   0.1946
   1.1394   0.2066
   1.1349   0.2200
   1.1207   0.2289
   1.1131   0.2191
  99.0000   0.2191
   1.0918   0.1808
   1.0953   0.1675
   1.0980   0.1569
   1.0839   0.1685
   1.0918   0.1808
  99.0000   0.1808
   1.1131   0.2191
   1.1045   0.2121
   1.0877   0.2289
   1.0818   0.2447
   1.0783   0.2540
   1.0644   0.2614
   1.0612   0.2693
   1.0454   0.2805
   1.0402   0.2923
   1.0237   0.3047
   1.0190   0.2913
   0.9908   0.2807
   0.9935   0.2742
   0.9867   0.2634
   0.9697   0.2496
   0.9729   0.2405
   0.9648   0.2311
   0.9563   0.2229
   0.9586   0.2151
   0.9493   0.2083
   0.9403   0.2002
   0.9434   0.1885
   0.9466   0.1755
   0.9490   0.1651
   0.9516   0.1534
   0.9544   0.1390
   0.9441   0.1258
   0.9351   0.1178
   0.9297   0.1072
  99.0000   0.1072
   0.9558   0.1312
   0.9622   0.1274
   0.9697   0.1170
   0.9789   0.1014
   0.9815   0.0909
   0.9743   0.0829
   0.9566   0.0958
   0.9551   0.1142
   0.9558   0.1312
  99.0000   0.1312
   0.9297   0.1072
   0.9166   0.1175
   0.9094   0.1330
   0.9068   0.1473
   0.8931   0.1587
   0.8900   0.1729
   0.8754   0.1868
   0.8729   0.1971
   0.8588   0.2071
   0.8554   0.2199
   0.8517   0.2327
   0.8478   0.2455
   0.8327   0.2579
   0.8394   0.2710
   0.8253   0.2795
   0.8221   0.2883
   0.8267   0.2757
   0.8172   0.2702
   0.7908   0.2821
   0.7886   0.2884
   0.7974   0.2951
   0.7715   0.3044
   0.7593   0.3078
   0.7555   0.3178
   0.7526   0.3253
   0.6998   0.3184
   0.6653   0.3223
   0.6399   0.3314
   0.6368   0.3401
   0.6174   0.3320
   0.5928   0.3399
   0.5793   0.3469
   0.5646   0.3576
   0.5612   0.3674
   0.5473   0.3755
   0.5343   0.3825
   0.5373   0.3740
   0.5289   0.3664
   0.5430   0.3570
   0.5458   0.3484
   0.5600   0.3377
   0.5627   0.3292
   0.5653   0.3206
   0.5776   0.3172
   0.5746   0.3270
   0.5876   0.3212
   0.5899   0.3138
   0.5884   0.3187
   0.5932   0.3027
   0.6231   0.3147
   0.6314   0.3237
   0.6399   0.3314
   0.6445   0.3179
   0.6482   0.3067
   0.6612   0.3008
   0.6763   0.2887
   0.6889   0.2841
   0.6815   0.2713
   0.6851   0.2588
   0.6782   0.2409
   0.6699   0.2281
   0.6495   0.2151
   0.6281   0.2059
   0.6298   0.1971
   0.6192   0.1919
   0.6080   0.1880
   0.5864   0.1764
   0.5641   0.1673
   0.5411   0.1620
   0.5166   0.1680
   0.5151   0.1792
   0.5133   0.1916
   0.5111   0.2053
   0.4977   0.2163
   0.4962   0.2250
   0.4818   0.2396
   0.4681   0.2505
   0.4550   0.2590
   0.4529   0.2700
   0.4509   0.2798
   0.4484   0.2921
   0.4354   0.2992
   0.4215   0.3112
   0.4189   0.3221
   0.4058   0.3316
   0.4036   0.3413
   0.3907   0.3484
   0.3668   0.3552
   0.3635   0.3696
  99.0000   0.3696
   0.3635   0.3696
   0.3663   0.3576
   0.3801   0.3457
   0.3828   0.3336
   0.3967   0.3217
   0.3992   0.3096
   0.4129   0.2976
   0.4156   0.2841
   0.4288   0.2758
   0.4315   0.2610
   0.4337   0.2488
   0.4475   0.2354
   0.4487   0.2280
   0.4622   0.2170
   0.4643   0.2034
   0.4773   0.1949
   0.4902   0.1876
   0.4909   0.1826
   0.5040   0.1740
   0.5172   0.1630
   0.5305   0.1519
   0.5193   0.1455
   0.5325   0.1344
   0.5449   0.1307
   0.5562   0.1358
   0.5796   0.1399
   0.6026   0.1464
   0.6138   0.1516
   0.6156   0.1377
   0.6170   0.1264
   0.6172   0.1138
   0.6100   0.1011
   0.6051   0.0885
   0.6024   0.0758
   0.5936   0.0632
   0.5845   0.0505
   0.5754   0.0391
   0.5635   0.0290
   0.5516   0.0214
   0.5396   0.0126
   0.5300   0.0001
   0.5178  -0.0126
   0.5067  -0.0251
   0.4980  -0.0326
   0.4904  -0.0464
   0.4838  -0.0589
   0.4797  -0.0689
   0.4769  -0.0776
   0.4860  -0.0877
   0.4839  -0.1002
   0.4842  -0.1127
   0.4855  -0.1252
   0.4966  -0.1340
   0.4952  -0.1478
   0.4936  -0.1615
   0.4919  -0.1752
   0.4904  -0.1863
   0.4891  -0.1950
   0.4760  -0.2036
  99.0000  -0.2036
   0.5901  -0.1513
   0.6006  -0.1615
   0.5983  -0.1765
   0.5962  -0.1891
   0.5940  -0.2016
   0.5949  -0.1966
   0.5928  -0.2078
   0.5909  -0.2178
   0.5765  -0.2313
   0.5738  -0.2437
   0.5705  -0.2586
   0.5565  -0.2695
   0.5535  -0.2819
   0.5503  -0.2942
   0.5361  -0.3050
   0.5334  -0.3148
   0.5099  -0.3192
   0.5107  -0.3155
   0.5012  -0.3091
   0.5040  -0.2981
   0.4955  -0.2856
   0.4982  -0.2733
   0.5116  -0.2649
   0.5132  -0.2575
   0.5267  -0.2478
   0.5179  -0.2340
   0.5208  -0.2179
   0.5348  -0.2044
   0.5597  -0.1960
   0.5727  -0.1887
   0.5755  -0.1712
   0.5879  -0.1663
   0.5901  -0.1513
  99.0000  -0.1513
   0.4760  -0.2036
   0.4628  -0.2133
   0.4379  -0.2229
   0.4245  -0.2326
   0.4232  -0.2412
   0.4104  -0.2484
   0.4092  -0.2558
   0.4076  -0.2656
   0.4170  -0.2768
   0.4154  -0.2854
   0.4129  -0.2976
   0.4000  -0.3059
   0.3757  -0.3140
   0.3740  -0.3213
   0.3715  -0.3334
   0.3690  -0.3455
   0.3555  -0.3574
   0.3418  -0.3692
   0.3391  -0.3812
   0.3265  -0.3882
   0.3135  -0.3975
   0.3009  -0.4068
   0.2889  -0.4126
   0.2662  -0.4181
   0.2117  -0.4256
   0.2024  -0.4195
   0.1927  -0.4123
   0.1944  -0.4004
   0.1951  -0.3957
   0.1966  -0.3850
   0.1868  -0.3753
   0.1883  -0.3634
   0.1896  -0.3526
   0.1793  -0.3441
   0.1694  -0.3332
   0.1708  -0.3188
   0.1717  -0.3067
   0.1612  -0.2958
   0.1623  -0.2825
   0.1744  -0.2741
   0.1636  -0.2643
   0.1526  -0.2533
   0.1532  -0.2423
   0.1420  -0.2313
   0.1426  -0.2191
   0.1432  -0.2057
   0.1439  -0.1898
   0.1444  -0.1775
   0.1570  -0.1665
   0.1574  -0.1567
   0.1696  -0.1530
   0.1701  -0.1407
   0.1705  -0.1284
   0.1610  -0.1210
   0.1577  -0.1111
   0.1628  -0.1013
   0.1582  -0.0865
   0.1511  -0.0754
   0.1476  -0.0618
   0.1379  -0.0494
   0.1269  -0.0371
   0.1172  -0.0247
   0.1098  -0.0099
   0.1160  -0.0012
   0.1209   0.0124
   0.1245   0.0247
   0.1269   0.0383
   0.1195   0.0494
   0.1108   0.0568
   0.0689   0.0617
   0.0627   0.0740
   0.0491   0.0790
   0.0123   0.0728
   0.0000   0.0691
  -0.0123   0.0646
  -0.0246   0.0597
  -0.0492   0.0646
  -0.0874   0.0560
  -0.1144   0.0634
  -0.1229   0.0733
  -0.1350   0.0819
  -0.1472   0.0881
  -0.1567   0.0992
  -0.1601   0.1116
  -0.1707   0.1239
  -0.1824   0.1363
  -0.1819   0.1486
  -0.2059   0.1536
  -0.2052   0.1659
  -0.2046   0.1781
  -0.2042   0.1855
  -0.1918   0.1940
  -0.1910   0.2063
  -0.1903   0.2173
  -0.1893   0.2319
  -0.1886   0.2417
  -0.1880   0.2502
  -0.1988   0.2600
  -0.1978   0.2722
  -0.1854   0.2830
  -0.1843   0.2951
  -0.1718   0.3059
  -0.1591   0.3191
  -0.1585   0.3263
  -0.1468   0.3347
  -0.1460   0.3431
  -0.1227   0.3525
  -0.1113   0.3560
  -0.1108   0.3620
  -0.0992   0.3691
  -0.1098   0.3763
  -0.1091   0.3858
  -0.0977   0.3917
  -0.0970   0.4012
  -0.0967   0.4059
  -0.0748   0.4152
  -0.0635   0.4258
  -0.0632   0.4317
  -0.0630   0.4364
  -0.0526   0.4317
  -0.0104   0.4374
   0.0105   0.4441
   0.0311   0.4476
   0.1037   0.4526
   0.1146   0.4445
   0.1150   0.4398
   0.1157   0.4328
   0.1164   0.4257
   0.1168   0.4210
   0.1069   0.4162
   0.1179   0.4092
   0.1183   0.4045
   0.1515   0.3988
   0.1629   0.3942
   0.1747   0.3848
   0.1974   0.3790
   0.2091   0.3744
   0.2096   0.3708
   0.2191   0.3793
   0.2173   0.3912
   0.2268   0.3997
   0.2494   0.3952
   0.2724   0.3872
   0.3063   0.3818
   0.3606   0.3816
  99.0000   0.3816
   0.2612   0.8078
   0.2571   0.8118
   0.2529   0.8157
   0.2610   0.8131
   0.2652   0.8092
   0.2612   0.8078
  99.0000   0.8078
   0.1311   0.9149
   0.1238   0.9183
   0.1274   0.9237
   0.1337   0.9213
   0.1313   0.9170
   0.1311   0.9149
  99.0000   0.9149
   0.1457   0.9226
   0.1339   0.9265
   0.1326   0.9305
   0.1430   0.9275
   0.1465   0.9238
   0.1457   0.9226
  99.0000   0.9226
   0.1622   0.9215
   0.1497   0.9252
   0.1622   0.9215
  99.0000   0.9215
   0.1601   0.9287
   0.1606   0.9255
   0.1502   0.9295
   0.1601   0.9287
  99.0000   0.9287
   0.2813   0.8280
   0.2626   0.8306
   0.2579   0.8345
   0.2385   0.8424
   0.2369   0.8476
   0.2309   0.8524
   0.2279   0.8585
   0.2256   0.8636
   0.2180   0.8725
   0.2211   0.8760
   0.2193   0.8801
   0.2238   0.8849
   0.2324   0.8893
   0.2310   0.8924
   0.2436   0.8874
   0.2432   0.8829
   0.2374   0.8789
   0.2397   0.8748
   0.2371   0.8680
   0.2398   0.8629
   0.2437   0.8568
   0.2448   0.8526
   0.2577   0.8463
   0.2646   0.8373
   0.2752   0.8328
   0.2813   0.8280
  99.0000   0.8280
   0.2735   0.8012
   0.2757   0.8046
   0.2844   0.8119
   0.2912   0.8059
   0.2891   0.8024
   0.2946   0.7974
   0.2968   0.8009
   0.2973   0.8053
   0.3042   0.8092
   0.3106   0.8132
   0.3168   0.8082
   0.3216   0.8131
   0.3092   0.8186
   0.3029   0.8235
   0.2919   0.8279
   0.3075   0.8239
   0.3286   0.8206
   0.3421   0.8187
   0.3527   0.8153
   0.3644   0.8110
   0.3607   0.8174
   0.3518   0.8198
   0.3475   0.8227
   0.3330   0.8290
   0.3259   0.8338
   0.3187   0.8386
   0.3186   0.8420
   0.3123   0.8491
   0.3027   0.8581
   0.2949   0.8627
   0.3012   0.8590
   0.3193   0.8569
   0.3296   0.8479
   0.3463   0.8409
   0.3618   0.8313
   0.3770   0.8217
   0.3893   0.8174
   0.3965   0.8090
   0.4004   0.8025
   0.3994   0.7989
   0.4148   0.7925
   0.4098   0.8001
   0.4074   0.8057
   0.4004   0.8142
   0.3878   0.8184
   0.3881   0.8219
   0.3646   0.8329
   0.3552   0.8386
   0.3400   0.8447
   0.3305   0.8503
   0.3289   0.8570
   0.3166   0.8611
   0.3361   0.8557
   0.3485   0.8458
   0.3660   0.8448
   0.3569   0.8470
   0.3427   0.8520
   0.3402   0.8563
   0.3610   0.8559
   0.3663   0.8531
   0.3595   0.8592
   0.3433   0.8650
   0.3290   0.8699
   0.3481   0.8767
   0.3371   0.8797
   0.3287   0.8855
   0.3231   0.8919
   0.3290   0.8968
   0.3373   0.9037
   0.3355   0.9060
  99.0000   0.9060
   0.2759   0.9239
   0.2534   0.9266
   0.2444   0.9297
   0.2313   0.9319
   0.2247   0.9342
   0.2200   0.9370
   0.2164   0.9413
   0.2275   0.9387
   0.2345   0.9365
   0.2414   0.9342
   0.2568   0.9326
   0.2709   0.9281
   0.2781   0.9245
   0.2759   0.9239
  99.0000   0.9239
   0.2989   0.9174
   0.2896   0.9219
   0.2802   0.9263
   0.2728   0.9299
   0.2842   0.9287
   0.3009   0.9247
   0.2990   0.9201
   0.2989   0.9174
  99.0000   0.9174
   0.3355   0.9060
   0.3222   0.9122
   0.3177   0.9152
   0.3297   0.9141
   0.3466   0.9128
   0.3711   0.9137
   0.3837   0.9114
   0.3987   0.9067
   0.4059   0.9028
   0.4106   0.8997
   0.4169   0.8941
   0.4227   0.8885
   0.4327   0.8811
   0.4288   0.8900
   0.4193   0.8933
   0.4348   0.8916
   0.4255   0.8964
   0.4130   0.8989
   0.4255   0.8964
   0.4376   0.8924
   0.4649   0.8941
   0.4862   0.8944
   0.4759   0.8975
   0.4655   0.9007
   0.4891   0.9020
   0.5050   0.9008
   0.5158   0.8977
   0.5211   0.8944
   0.5344   0.8904
   0.5503   0.8874
   0.5637   0.8852
   0.5453   0.8926
   0.5371   0.8967
   0.5479   0.8936
   0.5548   0.9038
   0.5406   0.9075
  99.0000   0.9075
   0.4754   0.9222
   0.4571   0.9239
   0.4398   0.9280
   0.4329   0.9309
   0.4501   0.9308
   0.4658   0.9259
   0.4754   0.9222
  99.0000   0.9222
   0.4733   0.9295
   0.4608   0.9297
   0.4477   0.9339
   0.4192   0.9388
   0.4447   0.9345
   0.4572   0.9344
   0.4691   0.9318
   0.4733   0.9295
  99.0000   0.9295
   0.4928   0.9333
   0.4785   0.9323
   0.4665   0.9349
   0.4821   0.9368
   0.4928   0.9333
  99.0000   0.9333
   0.5263   0.9173
   0.5084   0.9172
   0.5019   0.9203
   0.5204   0.9187
   0.5263   0.9173
  99.0000   0.9173
   0.5406   0.9075
   0.5314   0.9115
   0.5489   0.9134
   0.5660   0.9156
   0.5859   0.9125
   0.6078   0.9104
   0.6307   0.9167
   0.6448   0.9151
   0.6581   0.9104
   0.6742   0.9101
   0.6711   0.9228
   0.6884   0.9208
   0.6962   0.9174
   0.7120   0.9174
  99.0000   0.9174
  -0.5075   0.8820
  -0.5267   0.8815
  -0.5221   0.8849
  -0.5149   0.8891
  -0.4993   0.8939
  -0.4889   0.8970
  -0.4732   0.9017
  -0.4626   0.9031
  -0.4494   0.9086
  -0.4364   0.8997
  -0.4435   0.8957
  -0.4564   0.8933
  -0.4692   0.8909
  -0.4795   0.8893
  -0.5030   0.8854
  -0.5075   0.8820
  99.0000   0.8820
  -0.5496   0.8587
  -0.5367   0.8658
  -0.5226   0.8665
  -0.5191   0.8761
  -0.5055   0.8768
  -0.4895   0.8861
  -0.4716   0.8901
  -0.4559   0.8917
  -0.4676   0.8859
  -0.4518   0.8876
  -0.4528   0.8835
  -0.4655   0.8810
  -0.4497   0.8827
  -0.4628   0.8760
  -0.4684   0.8717
  -0.4502   0.8785
  -0.4341   0.8844
  -0.4195   0.8879
  -0.4223   0.8830
  -0.4313   0.8796
  -0.4403   0.8762
  -0.4515   0.8719
  -0.4569   0.8676
  -0.4714   0.8640
  -0.4765   0.8597
  -0.4758   0.8528
  -0.4863   0.8482
  -0.4985   0.8454
  -0.5149   0.8407
  -0.5185   0.8469
  -0.5161   0.8506
  -0.5269   0.8460
  -0.5453   0.8460
  -0.5471   0.8551
  -0.5496   0.8587
  99.0000   0.8587
  -0.5651   0.8553
  -0.5654   0.8479
  -0.5783   0.8453
  -0.5771   0.8406
  -0.5585   0.8405
  -0.5610   0.8369
  -0.5675   0.8285
  -0.5524   0.8377
  -0.5398   0.8405
  -0.5351   0.8451
  -0.5316   0.8388
  -0.5294   0.8315
  -0.5045   0.8346
  -0.4965   0.8383
  -0.4801   0.8430
  -0.4700   0.8476
  -0.4721   0.8441
  -0.4779   0.8387
  -0.4813   0.8342
  -0.4975   0.8293
  -0.5128   0.8218
  -0.4929   0.8285
  -0.4771   0.8334
  -0.4636   0.8399
  -0.4621   0.8461
  -0.4580   0.8505
  -0.4461   0.8534
  -0.4319   0.8597
  -0.4179   0.8635
  -0.4057   0.8688
  -0.3907   0.8774
  -0.3726   0.8828
  -0.3755   0.8732
  -0.3909   0.8685
  -0.4123   0.8637
  -0.4183   0.8610
  -0.4321   0.8521
  -0.4360   0.8477
  -0.4494   0.8412
  -0.4585   0.8340
  -0.4668   0.8266
  99.0000   0.8266
  -0.4238   0.8633
  -0.4413   0.8603
  -0.4361   0.8671
  -0.4312   0.8714
  -0.4280   0.8748
  -0.4193   0.8782
  -0.4247   0.8740
  -0.4061   0.8793
  -0.4007   0.8835
  -0.3877   0.8847
  -0.3876   0.8807
  -0.4015   0.8771
  -0.4087   0.8720
  -0.4238   0.8633
  99.0000   0.8633
  -0.3600   0.8880
  -0.3576   0.8926
  -0.3387   0.8964
  -0.3411   0.8918
  -0.3569   0.8873
  -0.3600   0.8880
  99.0000   0.8880
  -0.3606   0.8933
  -0.3532   0.8996
  -0.3552   0.9054
  -0.3436   0.9109
  -0.3543   0.9025
  -0.3405   0.9074
  -0.3452   0.8991
  -0.3606   0.8933
  99.0000   0.8933
  -0.3839   0.8987
  -0.4074   0.8990
  -0.4030   0.9022
  -0.3958   0.9122
  -0.3805   0.9152
  -0.3855   0.9062
  -0.3757   0.9079
  -0.3610   0.9126
  -0.3704   0.9065
  -0.3695   0.9021
  -0.3839   0.8987
  99.0000   0.8987
  -0.3927   0.9159
  -0.4030   0.9144
  -0.3993   0.9196
  -0.3891   0.9211
  -0.3688   0.9240
  -0.3586   0.9254
  -0.3600   0.9212
  -0.3728   0.9175
  -0.3853   0.9166
  -0.3723   0.9204
  -0.3927   0.9159
  99.0000   0.9159
  -0.3329   0.9251
  -0.3363   0.9202
  -0.3329   0.9251
  99.0000   0.9251
  -0.3163   0.9262
  -0.3108   0.9290
  -0.3163   0.9262
  99.0000   0.9262
  -0.2981   0.9256
  -0.2863   0.9280
  -0.2806   0.9321
  -0.2865   0.9267
  -0.2870   0.9228
  -0.2939   0.9191
  -0.2961   0.9237
  -0.2981   0.9256
  99.0000   0.9256
  -0.2937   0.9178
  -0.2755   0.9240
  -0.2754   0.9201
  -0.2820   0.9177
  -0.2935   0.9151
  -0.2937   0.9178
  99.0000   0.9178
  -0.2693   0.9139
  -0.2728   0.9183
  -0.2642   0.9228
  -0.2486   0.9258
  -0.2437   0.9324
  -0.2187   0.9395
  -0.2118   0.9417
  -0.2157   0.9363
  -0.2203   0.9335
  -0.2310   0.9259
  -0.2347   0.9218
  -0.2498   0.9186
  -0.2693   0.9139
  99.0000   0.9139
  -0.3052   0.9011
  -0.2942   0.9039
  -0.2805   0.9062
  -0.2731   0.9109
  -0.2758   0.9065
  -0.2590   0.9119
  -0.2518   0.9178
  -0.2326   0.9226
  -0.2289   0.9267
  -0.2163   0.9303
  -0.1933   0.9308
  -0.2005   0.9405
  -0.1934   0.9439
  -0.1777   0.9455
  -0.1625   0.9473
  -0.1513   0.9487
  -0.1382   0.9431
  -0.1259   0.9446
  -0.1289   0.9407
  -0.1335   0.9371
  -0.1439   0.9343
  -0.1526   0.9312
  -0.1635   0.9283
  -0.1749   0.9256
  -0.1883   0.9220
  -0.1977   0.9190
  -0.2149   0.9172
  -0.2368   0.9069
  -0.2534   0.9027
  -0.2636   0.8997
  -0.2699   0.8949
  -0.2814   0.8932
  -0.3052   0.9011
  99.0000   0.9011
  -0.3061   0.9025
  -0.3086   0.8980
  -0.3208   0.8929
  -0.3034   0.8826
  -0.3124   0.8782
  -0.3340   0.8929
  -0.3180   0.9011
  -0.3204   0.9067
  -0.3090   0.9094
  -0.3137   0.9028
  -0.3061   0.9025
  99.0000   0.9025
  -0.3934   0.8627
  -0.3665   0.8728
  -0.3482   0.8745
  -0.3540   0.8694
  -0.3449   0.8715
  -0.3274   0.8606
  -0.3325   0.8578
  -0.3326   0.8520
  -0.3390   0.8483
  -0.3345   0.8385
  -0.3329   0.8326
  -0.3367   0.8263
  -0.3487   0.8220
  -0.3600   0.8141
  -0.3604   0.8096
  -0.3545   0.8010
  -0.3533   0.7975
  -0.3488   0.7915
  -0.3606   0.7870
  -0.3734   0.7814
  -0.3876   0.7748
  -0.3858   0.7815
  -0.3835   0.7881
  -0.3821   0.7937
  -0.3984   0.7863
  -0.4006   0.7796
  -0.3990   0.7760
  -0.4022   0.7683
  -0.4219   0.7518
  -0.4217   0.7575
  -0.4273   0.7639
  -0.4325   0.7598
  -0.4313   0.7550
  -0.4352   0.7461
  -0.4486   0.7521
  -0.4483   0.7579
  -0.4477   0.7684
  -0.4481   0.7732
  -0.4465   0.7789
  -0.4689   0.7768
  -0.4642   0.7846
  -0.4511   0.7889
  -0.4234   0.7950
  -0.4190   0.7979
  -0.3984   0.8036
  -0.3903   0.8131
  -0.3890   0.8176
  -0.3878   0.8221
  -0.3845   0.8276
  -0.3789   0.8374
  -0.3898   0.8342
  -0.4173   0.8432
  -0.4163   0.8493
  -0.4067   0.8514
  -0.3934   0.8627
  99.0000   0.8627
  -0.4002   0.8179
  -0.4078   0.8095
  -0.4187   0.8062
  -0.4143   0.8127
  -0.4002   0.8179
  99.0000   0.8179
  -0.4900   0.8003
  -0.4914   0.7956
  -0.4878   0.7902
  -0.4926   0.7872
  -0.4943   0.7777
  -0.4931   0.7739
  -0.5037   0.7801
  -0.5170   0.7758
  -0.5288   0.7725
  -0.5265   0.7784
  -0.5183   0.7834
  -0.5117   0.7874
  -0.4984   0.7954
  -0.4900   0.8003
  99.0000   0.8003
  -0.4071  -0.9763
  -0.4081  -0.9601
  -0.4254  -0.9553
  -0.4294  -0.9470
  -0.4373  -0.9444
  -0.4451  -0.9417
  -0.4552  -0.9335
  -0.4636  -0.9251
  -0.4718  -0.9189
  -0.4691  -0.9123
  -0.4626  -0.9031
  -0.4782  -0.8968
  -0.4650  -0.8975
  -0.4325  -0.8941
  -0.4037  -0.8952
  -0.4148  -0.8895
  -0.3903  -0.8947
  -0.3696  -0.8953
  -0.3852  -0.8894
  -0.3919  -0.8869
  -0.4029  -0.8827
  -0.4061  -0.8793
  -0.4215  -0.8774
  -0.4302  -0.8739
  -0.4368  -0.8713
  -0.4382  -0.8663
  -0.4176  -0.8660
  -0.4016  -0.8706
  -0.3920  -0.8726
  -0.3909  -0.8685
  -0.3704  -0.8710
  -0.3340  -0.8721
  -0.3374  -0.8655
  -0.3386  -0.8598
  -0.3220  -0.8609
  -0.3149  -0.8565
  -0.3368  -0.8526
  -0.3457  -0.8503
  -0.3597  -0.8453
  -0.3466  -0.8470
  -0.3530  -0.8432
  -0.3549  -0.8388
  -0.3690  -0.8337
  -0.3829  -0.8285
  -0.3737  -0.8238
  -0.3717  -0.8178
  -0.3626  -0.8202
  -0.3553  -0.8250
  -0.3515  -0.8200
  -0.3563  -0.8126
  -0.3698  -0.8072
  -0.3845  -0.8009
  -0.3835  -0.7973
  -0.3740  -0.7997
  -0.3743  -0.7952
  -0.3795  -0.7912
  -0.3788  -0.7820
  -0.3851  -0.7769
  -0.3776  -0.7727
  -0.3787  -0.7660
  -0.3713  -0.7609
  -0.3721  -0.7541
  -0.3607  -0.7588
  -0.3679  -0.7639
  -0.3623  -0.7691
  -0.3577  -0.7732
  -0.3508  -0.7793
  -0.3519  -0.7839
  -0.3459  -0.7889
  -0.3451  -0.7945
  -0.3377  -0.8005
  -0.3314  -0.8055
  -0.3252  -0.8104
  -0.3188  -0.8154
  -0.3124  -0.8203
  -0.3060  -0.8252
  -0.3008  -0.8291
  -0.2846  -0.8373
  -0.2794  -0.8412
  -0.2728  -0.8460
  -0.2675  -0.8498
  -0.2608  -0.8545
  -0.2554  -0.8583
  -0.2497  -0.8653
  -0.2427  -0.8700
  -0.2357  -0.8746
  -0.2280  -0.8770
  -0.2080  -0.8824
  -0.1972  -0.8844
  -0.1808  -0.8880
  -0.1662  -0.8908
  -0.1582  -0.8942
  -0.1454  -0.8962
  -0.1402  -0.8917
  -0.1297  -0.8949
  -0.1199  -0.8913
  -0.1175  -0.8861
  -0.1081  -0.8796
  -0.1039  -0.8755
  -0.1033  -0.8705
  -0.0992  -0.8643
  -0.0993  -0.8573
  -0.0931  -0.8531
  -0.0904  -0.8500
  -0.0892  -0.8430
  -0.0862  -0.8399
  -0.0741  -0.8355
  -0.0706  -0.8324
  -0.0579  -0.8261
  -0.0542  -0.8221
  -0.0454  -0.8159
  -0.0104  -0.8115
  -0.0001  -0.8014
   0.0000  -0.8071
   0.0051  -0.8102
   0.0683  -0.8068
   0.0801  -0.8030
   0.0836  -0.8081
   0.1033  -0.8118
   0.1509  -0.8105
   0.1750  -0.8065
   0.1837  -0.8017
   0.1866  -0.8050
   0.1925  -0.8116
   0.1945  -0.8159
   0.2076  -0.8125
   0.2127  -0.8065
   0.2241  -0.7998
   0.2445  -0.7958
   0.2591  -0.7925
   0.2784  -0.7907
   0.2907  -0.7840
   0.2996  -0.7814
   0.3138  -0.7792
   0.3219  -0.7832
   0.3274  -0.7892
   0.3217  -0.7943
   0.3289  -0.7983
   0.3598  -0.8059
   0.3643  -0.8190
   0.3799  -0.8162
   0.3816  -0.8223
   0.3895  -0.8280
   0.4004  -0.8248
   0.4114  -0.8215
   0.4179  -0.8177
   0.4373  -0.8132
   0.4486  -0.8100
   0.4567  -0.8014
   0.4682  -0.7982
   0.4653  -0.8038
   0.4901  -0.8038
   0.4930  -0.8093
   0.4877  -0.8122
   0.5074  -0.8116
   0.5290  -0.8102
   0.5489  -0.8032
   0.5545  -0.8003
   0.5568  -0.8059
   0.5538  -0.8107
   0.5730  -0.8076
   0.5795  -0.8170
   0.5825  -0.8246
   0.5763  -0.8302
   0.5912  -0.8265
   0.6043  -0.8237
   0.6150  -0.8219
   0.6212  -0.8277
   0.6123  -0.8314
   0.6115  -0.8371
   0.6482  -0.8330
   0.6468  -0.8389
   0.6539  -0.8361
   0.6549  -0.8460
   0.6486  -0.8506
   0.6943  -0.8416
   0.6868  -0.8443
   0.7013  -0.8562
   0.6974  -0.8621
   0.6959  -0.8692
   0.6909  -0.8771
   0.6853  -0.8808
   0.6768  -0.8853
   0.6759  -0.9008
   0.6733  -0.9068
   0.6559  -0.9144
   0.6436  -0.9171
   0.6333  -0.9243
   0.6474  -0.9261
   0.6363  -0.9300
   0.6166  -0.9368
   0.5986  -0.9416
   0.5779  -0.9439
   0.5606  -0.9456
   0.5400  -0.9478
   0.5291  -0.9484
   0.5129  -0.9511
   0.4837  -0.9523
   0.4512  -0.9575
   0.4218  -0.9620
   0.3963  -0.9666
   0.4078  -0.9669
   0.4211  -0.9651
   0.4178  -0.9760
  99.0000  -0.9760
  -0.4668   0.8266
  -0.4460   0.8344
  -0.4490   0.8299
  -0.4687   0.8194
  -0.4726   0.8138
  -0.4592   0.8179
  -0.4550   0.8234
  -0.4418   0.8275
  -0.4283   0.8315
  -0.4177   0.8372
  -0.4149   0.8295
  -0.4222   0.8221
  -0.4385   0.8160
  -0.4549   0.8063
  -0.4732   0.8028
  -0.4731   0.8064
  -0.4833   0.8043
  -0.5017   0.7971
  -0.5085   0.7932
  -0.5291   0.7850
  -0.5496   0.7805
  -0.5637   0.7763
  -0.5915   0.7678
  -0.6143   0.7585
  -0.6369   0.7490
  -0.6536   0.7386
  -0.6542   0.7335
  -0.6622   0.7230
  -0.6685   0.7136
  -0.6485   0.7058
  -0.6503   0.6985
  -0.6450   0.6903
  -0.6414   0.6736
  -0.6556   0.6615
  -0.6609   0.6495
  -0.6642   0.6387
  -0.6493   0.6447
  -0.6347   0.6506
  -0.6323   0.6603
  -0.6223   0.6691
  -0.6205   0.6776
  -0.5890   0.6841
  -0.5827   0.6896
  -0.5657   0.6975
  -0.5621   0.7069
  -0.5611   0.7140
  -0.5621   0.7190
  -0.5462   0.7257
  -0.5314   0.7313
  -0.5296   0.7384
  -0.5240   0.7426
  -0.5141   0.7499
  -0.5012   0.7592
  -0.4746   0.7478
  -0.4764   0.7409
  -0.4829   0.7298
  -0.4872   0.7196
  -0.4920   0.7153
  -0.4925   0.7083
  -0.4820   0.7108
  -0.4696   0.7156
  -0.4527   0.7245
  -0.4469   0.7298
  -0.4482   0.7218
  -0.4505   0.7127
  -0.4557   0.7004
  -0.4578   0.6900
  -0.4724   0.6830
  -0.4699   0.6770
  -0.4677   0.6710
  -0.4564   0.6655
  -0.4638   0.6567
  -0.4599   0.6518
  -0.4614   0.6390
  -0.4666   0.6324
  -0.4793   0.6273
  -0.4872   0.6278
  99.0000   0.6278
  -0.4824   0.6228
  -0.4700   0.6279
  -0.4778   0.6178
  -0.4934   0.6082
  -0.4827   0.6111
  -0.4860   0.6066
  -0.4776   0.5931
  -0.4837   0.5840
  -0.4720   0.5881
  -0.4779   0.5790
  -0.4829   0.5710
  -0.4837   0.5840
  -0.4985   0.5754
  -0.4939   0.5822
  -0.5245   0.5900
  -0.5126   0.5940
  -0.5068   0.6019
  -0.4892   0.6138
  -0.4824   0.6228
  99.0000   0.6228
  -0.5497   0.6144
  -0.5368   0.6087
  -0.5319   0.6036
  -0.5497   0.6144
  99.0000   0.6144
  -0.4872   0.6278
  -0.5006   0.6217
  -0.5150   0.6143
  -0.5762   0.6139
  -0.5893   0.6089
  -0.6035   0.6027
  -0.6166   0.5976
  -0.6224   0.5907
  -0.6084   0.5970
  -0.5951   0.6020
  -0.5829   0.6060
  -0.5754   0.5934
  -0.5844   0.5819
  -0.5839   0.5710
  -0.5784   0.5658
  -0.5574   0.5693
  -0.5414   0.5791
  -0.5472   0.5711
  -0.5504   0.5665
  -0.5536   0.5618
  -0.5761   0.5560
  -0.5982   0.5513
  -0.6128   0.5437
  -0.6160   0.5524
  -0.6019   0.5588
  -0.5873   0.5664
  -0.6099   0.5606
  -0.6330   0.5548
  -0.6482   0.5473
  -0.6740   0.5379
  -0.6810   0.5285
  -0.6752   0.5232
  -0.7099   0.5156
  -0.7276   0.5043
  -0.7439   0.4953
  -0.7405   0.5001
  -0.7490   0.4881
  -0.7644   0.4803
  -0.7702   0.4718
  -0.7627   0.4827
  -0.7594   0.4875
  -0.7669   0.4767
  -0.7702   0.4718
  -0.7735   0.4670
  -0.7799   0.4572
  -0.7853   0.4487
  -0.7991   0.4432
  -0.8142   0.4352
  -0.8280   0.4296
  -0.8449   0.4191
  -0.8587   0.4135
  -0.8662   0.4011
  -0.8733   0.3886
  -0.8803   0.3761
  -0.8739   0.3680
  -0.8804   0.3554
  -0.8854   0.3453
  -0.8903   0.3352
  -0.8950   0.3250
  -0.9026   0.3319
  -0.9062   0.3463
  -0.9089   0.3621
  -0.8938   0.3703
  -0.8993   0.3797
  -0.9045   0.3891
  -0.9177   0.3847
  -0.9242   0.3916
  -0.9620   0.3808
  -0.9866   0.3916
  -0.9890   0.3878
  -1.0221   0.3847
  -1.0354   0.3803
  -1.0487   0.3758
  -1.0581   0.3603
  -1.0656   0.3474
  -1.0832   0.3350
  -1.0902   0.3220
  -1.0970   0.3089
  -1.1035   0.2957
  -1.0960   0.2886
  -1.0990   0.2820
  -1.1048   0.2688
  -1.0996   0.2551
  -1.0822   0.2437
  -1.0581   0.2493
  -1.0320   0.2602
  -1.0250   0.2772
  -1.0128   0.2806
  -0.9944   0.2719
  -0.9990   0.2602
  -1.0175   0.2398
  -1.0152   0.2463
  -1.0212   0.2293
  -1.0246   0.2188
  -1.0387   0.2100
  -0.9847   0.2031
  -0.9751   0.1975
  -0.9786   0.1845
  -0.9818   0.1714
  -0.9847   0.1583
  -0.9986   0.1468
  -0.9900   0.1321
  -0.9805   0.1214
  -0.9699   0.1160
  -0.9571   0.1236
  99.0000   0.1236
  -0.9660   0.2878
  -0.9513   0.2963
  -0.9276   0.3005
  -0.9087   0.2932
  -0.8910   0.2821
  -0.8715   0.2749
  -0.8632   0.2669
  -0.8548   0.2589
  -0.8857   0.2664
  -0.8935   0.2757
  -0.9118   0.2855
  -0.9200   0.2924
  -0.9439   0.2881
  -0.9567   0.2834
  -0.9660   0.2878
  99.0000   0.2878
  -0.8453   0.2534
  -0.8021   0.2470
  -0.7941   0.2352
  -0.8427   0.2250
  -0.8405   0.2327
  -0.8614   0.2384
  -0.8469   0.2483
  -0.8453   0.2534
  99.0000   0.2534
  -0.9592   0.1105
  -0.9574   0.0987
  -0.9718   0.1029
  -0.9756   0.1082
  -0.9996   0.1165
  -0.9964   0.1217
  -1.0021   0.1284
  -1.0127   0.1325
  -1.0214   0.1459
  -1.0198   0.1538
  -1.0292   0.1620
  -1.0276   0.1686
  -1.0372   0.1755
  -1.0570   0.1853
  -1.0765   0.1953
  -1.0851   0.2036
  -1.0830   0.2102
  -1.0921   0.2159
  -1.1152   0.2127
  -1.1357   0.2175
  -1.1436   0.2260
  -1.1620   0.2349
  -1.1605   0.2389
  -1.1685   0.2461
  -1.1863   0.2552
  -1.1828   0.2632
  -1.1908   0.2691
  -1.1963   0.2804
  -1.1800   0.2918
  -1.1863   0.3005
  -1.1807   0.3111
  -1.1764   0.3191
  -1.1820   0.3277
  -1.1867   0.3377
  -1.1811   0.3470
  -1.1851   0.3570
  -1.1817   0.3623
  -1.1882   0.3683
  -1.1837   0.3749
  -1.1871   0.3850
  -1.1921   0.3924
  -1.1854   0.4016
  -1.1877   0.4116
  -1.1775   0.4247
  -1.1733   0.4299
  -1.1794   0.4347
  -1.1919   0.4317
  -1.1993   0.4226
  -1.1972   0.4125
  -1.2032   0.4046
  -1.1986   0.3971
  -1.2043   0.3892
  -1.2005   0.3805
  -1.2060   0.3726
  -1.2104   0.3659
  -1.2058   0.3572
  -1.2142   0.3439
  -1.2182   0.3372
  -1.2153   0.3245
  -1.2191   0.3178
  -1.2153   0.3245
  -1.2206   0.3332
  -1.2265   0.3406
  -1.2191   0.3526
  -1.2148   0.3593
  -1.2199   0.3667
  -1.2163   0.3720
  -1.2264   0.3870
  -1.2100   0.3954
  -1.2136   0.4042
  -1.2106   0.4081
  -1.2107   0.4209
  -1.2022   0.4314
  -1.2023   0.4427
  -1.1945   0.4519
  -1.1965   0.4606
  -1.1959   0.4720
  -1.2007   0.4871
  -1.1990   0.4985
  -1.1871   0.5100
  -1.1804   0.5251
  -1.1734   0.5315
  -1.1744   0.5390
  -1.1628   0.5491
  -1.1509   0.5591
  -1.1388   0.5690
  -1.1265   0.5789
  -1.1247   0.5875
  -1.1012   0.5985
  -1.0849   0.6106
  -1.0683   0.6226
  -1.0530   0.6333
  -1.0391   0.6427
  -1.0319   0.6533
  -1.0193   0.6615
  -1.0184   0.6674
  -1.0156   0.6744
  -1.0069   0.6849
  -0.9953   0.6917
  -0.9836   0.6984
  -0.9736   0.7086
  -0.9655   0.7178
  -0.9491   0.7265
  -0.9398   0.7354
  99.0000   0.7354
  -1.6917   0.2964
  -1.6812   0.3131
  -1.6791   0.3015
  -1.6936   0.2934
  -1.6917   0.2964
  99.0000   0.2964
  -0.9642   0.7270
  -0.9888   0.7186
  -0.9952   0.7105
  -0.9996   0.7036
  -0.9890   0.7138
  -0.9746   0.7215
  -0.9642   0.7270
  99.0000   0.7270
  -0.9398   0.7354
  -0.9400   0.7435
  -0.9226   0.7520
  -0.9144   0.7597
  -0.9015   0.7694
  -0.8925   0.7769
  -0.8926   0.7838
  -0.8827   0.7912
  -0.8752   0.7976
  -0.8796   0.8081
  -0.8750   0.8159
  -0.9071   0.8126
  -0.9186   0.8112
  -0.9159   0.8182
  -0.8886   0.8252
  -0.8780   0.8290
  -0.8921   0.8267
  -0.9080   0.8210
  -0.9276   0.8169
  -0.9496   0.8117
  -0.9485   0.8091
  99.0000   0.8091
  -0.9615   0.8042
  -0.9718   0.8003
  -0.9924   0.7984
  -1.0089   0.7888
  -0.9896   0.7932
  -0.9743   0.7993
  -0.9599   0.8016
  -0.9615   0.8042
  99.0000   0.8042
  -0.9485   0.8091
  -0.9705   0.8038
  -0.9846   0.8014
  -0.9991   0.7991
  -1.0133   0.7967
  -1.0275   0.7943
  -1.0497   0.7890
  -1.0613   0.7876
  -1.0913   0.7856
  -1.1058   0.7833
  -1.0861   0.7877
  -1.0745   0.7891
  -1.0640   0.7932
  -1.0431   0.7947
  -1.0289   0.7971
  -1.0040   0.8034
  -0.9908   0.8083
  -0.9634   0.8155
  -0.9749   0.8142
  -0.9669   0.8171
  -0.9840   0.8140
  -0.9713   0.8214
  -0.9918   0.8200
  -0.9700   0.8276
  -0.9451   0.8361
  -0.9649   0.8321
  -0.9626   0.8357
  99.0000   0.8357
  -0.9632   0.8410
  -0.9632   0.8410
  99.0000   0.8410
  -0.9626   0.8357
  -0.9516   0.8420
  -0.9345   0.8475
  -0.9232   0.8537
  -0.9117   0.8572
  -0.8915   0.8607
  -0.8770   0.8650
  -0.8628   0.8669
  -0.8403   0.8665
  -0.8201   0.8723
  -0.8113   0.8748
  -0.8309   0.8736
  -0.8168   0.8863
  -0.8078   0.8887
  -0.7927   0.8926
  -0.7785   0.8942
  -0.7785   0.8860
  -0.7673   0.8869
  -0.7598   0.8928
  -0.7478   0.8959
  -0.7379   0.9004
  -0.7308   0.9040
  -0.7192   0.9104
  -0.7051   0.9119
  -0.6921   0.9113
  -0.6748   0.9134
  -0.6594   0.9169
  -0.6484   0.9177
  -0.6276   0.9174
  -0.6086   0.9185
  -0.6219   0.9138
  -0.6077   0.9154
  -0.6198   0.9126
  -0.6225   0.9069
  -0.6198   0.8988
  -0.6184   0.8900
  -0.6213   0.8834
  -0.6266   0.8799
  -0.6014   0.8795
  -0.5845   0.8788
  -0.5711   0.8810
  -0.5835   0.8750
  -0.5702   0.8773
  -0.5573   0.8814
  -0.5671   0.8763
  -0.5774   0.8730
  -0.5608   0.8743
  -0.5700   0.8691
  -0.5626   0.8607
  -0.5651   0.8553
  99.0000   0.8553
   0.7120   0.9174
   0.7042   0.9209
   0.6709   0.9261
   0.6862   0.9296
   0.7008   0.9333
  99.0000   0.9333
   0.6562   0.9431
   0.6397   0.9460
   0.6562   0.9431
  99.0000   0.9431
   0.7008   0.9333
   0.7194   0.9331
  99.0000   0.9331
  -0.7279   0.9296
  -0.7447   0.9228
  -0.7560   0.9186
  -0.7862   0.9100
  -0.7720   0.9114
  -0.7823   0.9031
  -0.7958   0.8979
  -0.8100   0.8964
  -0.8335   0.8926
  -0.8447   0.8919
  -0.8600   0.8879
  -0.8529   0.8920
  -0.8442   0.8983
  -0.8286   0.9021
  -0.8050   0.9134
  -0.8241   0.9091
99 370
   0.8415   0.9072
  99.0000   0.9072
   0.8557   0.9018
   0.8429   0.9007
   0.8536   0.8961
   0.8665   0.8970
   0.9025   0.8902
   0.9198   0.8879
   0.9242   0.8777
   0.9348   0.8699
   0.9508   0.8603
   0.9629   0.8542
   0.9775   0.8470
   0.9604   0.8498
   0.9689   0.8391
   0.9519   0.8446
   0.9657   0.8373
   0.9845   0.8255
   0.9946   0.8190
   1.0135   0.8121
   1.0280   0.8100
   1.0468   0.8030
   1.0653   0.7960
   1.0547   0.8000
   1.0745   0.7890
   1.0927   0.7817
   1.1023   0.7708
   1.1249   0.7611
   1.1383   0.7479
   1.1552   0.7401
   1.1647   0.7316
   1.1337   0.7421
   1.1096   0.7531
   1.0851   0.7639
   1.0561   0.7728
   1.0350   0.7848
   1.0159   0.7957
   1.0003   0.8017
   0.9898   0.8057
   0.9841   0.8139
   0.9741   0.8204
   0.9578   0.8261
   0.9503   0.8316
   0.9396   0.8379
   0.9345   0.8449
   0.9204   0.8494
   0.8946   0.8573
   0.8831   0.8608
   0.9116   0.8470
   0.9226   0.8408
   0.9276   0.8364
   0.9082   0.8428
   0.8914   0.8482
   0.8968   0.8440
   0.8884   0.8467
   0.8959   0.8390
   0.9150   0.8325
   0.9191   0.8257
   0.9366   0.8164
   0.9497   0.8116
   0.9253   0.8118
   0.9155   0.8002
   0.9080   0.8032
   0.9011   0.7934
   0.9110   0.7859
   0.9232   0.7774
   0.9323   0.7697
   0.9459   0.7600
   0.9545   0.7523
   0.9624   0.7444
   0.9660   0.7387
   0.9963   0.7318
   0.9928   0.7376
   1.0059   0.7311
   0.9979   0.7390
   1.0122   0.7362
   1.0284   0.7322
   1.0525   0.7201
   1.0654   0.7134
   1.0782   0.7066
   1.0993   0.6952
   1.1141   0.6822
  99.0000   0.6822
   1.1259   0.6852
   1.1051   0.6968
   1.0817   0.7093
   1.0603   0.7205
   1.0338   0.7338
   1.0159   0.7425
   1.0367   0.7364
   1.0611   0.7243
   1.0905   0.7135
   1.1144   0.7010
   1.1475   0.6876
   1.1314   0.6918
   1.1442   0.6798
   1.1605   0.6704
   1.1726   0.6633
   1.1927   0.6565
   1.1786   0.6597
   1.1860   0.6498
   1.1723   0.6582
   1.1564   0.6677
   1.1423   0.6759
   1.1259   0.6852
  99.0000   0.6852
   1.1141   0.6822
   1.1342   0.6706
   1.1476   0.6573
   1.1603   0.6438
   1.1686   0.6327
   1.1782   0.6204
   1.1856   0.6092
   1.1906   0.5992
   1.1677   0.6026
   1.1708   0.5939
   1.1749   0.5839
   1.1910   0.5714
   1.1912   0.5639
   1.1912   0.5563
  99.0000   0.5563
   1.2015   0.6401
   1.2156   0.6368
   1.2252   0.6307
   1.2514   0.6251
   1.2645   0.6164
   1.2659   0.6034
   1.2499   0.6081
   1.2573   0.5966
   1.2435   0.6002
   1.2328   0.6077
   1.2237   0.6139
   1.2230   0.6203
   1.2167   0.6304
   1.2015   0.6401
  99.0000   0.6401
   1.2626   0.5928
   1.2837   0.5842
   1.2957   0.5752
   1.3126   0.5624
   1.3226   0.5546
   1.3200   0.5493
   1.3328   0.5388
   1.3438   0.5297
   1.3562   0.5191
   1.3606   0.5071
   1.3501   0.5164
   1.3482   0.5098
   1.3570   0.5018
   1.3496   0.5085
   1.3489   0.5005
   1.3466   0.4939
   1.3440   0.4873
   1.3509   0.4806
   1.3346   0.4874
   1.3248   0.4967
   1.3110   0.4824
   1.3163   0.4771
   1.3255   0.4678
   1.3358   0.4571
   1.3386   0.4439
   1.3188   0.4548
   1.3198   0.4640
   1.3048   0.4695
   1.2970   0.4774
   1.2974   0.4865
   1.2973   0.4956
   1.2957   0.5060
   1.3139   0.5151
   1.3084   0.5282
   1.3007   0.5347
   1.3114   0.5256
   1.3131   0.5321
   1.3099   0.5426
   1.3062   0.5531
   1.2915   0.5647
   1.2747   0.5775
   1.2627   0.5864
   1.2626   0.5928
  99.0000   0.5928
   1.3180   0.4849
   1.3208   0.4915
   1.3374   0.4848
   1.3358   0.4769
   1.3353   0.4676
   1.3176   0.4758
   1.3180   0.4849
  99.0000   0.4849
   1.1912   0.5563
   1.2048   0.5449
   1.2231   0.5373
   1.2334   0.5283
   1.2516   0.5205
   1.2658   0.5076
   1.2685   0.4960
   1.2626   0.4832
   1.2422   0.4938
   1.2425   0.5027
   1.2219   0.5132
   1.2079   0.5260
   1.1854   0.5375
   1.1767   0.5451
   1.1708   0.5501
   1.1542   0.5403
   1.1613   0.5340
   1.1556   0.5390
   1.1427   0.5503
   1.1354   0.5565
   1.1295   0.5615
   1.1280   0.5467
   1.1311   0.5356
   1.1312   0.5270
   1.1393   0.5194
   1.1554   0.5129
   1.1692   0.5089
   1.1669   0.5202
   1.1806   0.5162
   1.1874   0.5099
   1.1842   0.5036
   1.1822   0.4961
   1.1873   0.4910
   1.1861   0.4822
   1.2047   0.4729
   1.2280   0.4583
   1.2499   0.4449
   1.2613   0.4317
   1.2577   0.4241
   1.2713   0.4198
   1.2820   0.4064
   1.2820   0.3934
   1.2834   0.3778
   1.2939   0.3629
   1.2907   0.3526
   1.2888   0.3396
   1.2850   0.3294
   1.2799   0.3205
   1.2631   0.3136
   1.2584   0.3035
   1.2416   0.2954
   1.2478   0.2832
   1.2342   0.2894
  99.0000   0.2894
   1.2409   0.2758
   1.2451   0.2886
   1.2556   0.2670
   1.2497   0.2569
   1.2515   0.2528
   1.2386   0.2577
   1.2343   0.2671
   1.2305   0.2752
   1.2409   0.2758
  99.0000   0.2758
   1.2342   0.2894
   1.2191   0.2981
   1.2034   0.2875
   1.1996   0.2735
   1.2057   0.2601
   1.2114   0.2466
   1.2257   0.2376
   1.2412   0.2259
   1.2577   0.2100
   1.2634   0.1936
   1.2677   0.1799
   1.2718   0.1662
   1.2752   0.1538
   1.2655   0.1493
   1.2560   0.1435
  99.0000   0.1435
   1.3372   0.3106
   1.3201   0.3221
   1.3134   0.3331
   1.3082   0.3412
   1.3108   0.3529
   1.3293   0.3401
   1.3291   0.3243
   1.3372   0.3106
  99.0000   0.3106
   1.3622   0.2635
   1.3915   0.2453
   1.3874   0.2306
   1.3819   0.2188
   1.3991   0.2011
   1.4256   0.1851
   1.4130   0.1917
   1.4104   0.1988
   1.4144   0.1874
   1.4001   0.1983
   1.3918   0.1921
   1.4065   0.1799
   1.3975   0.1752
   1.3814   0.1917
   1.3759   0.2071
   1.3721   0.2169
   1.3670   0.2295
   1.3623   0.2406
   1.3560   0.2546
   1.3622   0.2635
  99.0000   0.2635
   1.4276   0.1794
   1.4535   0.1632
   1.4469   0.1499
   1.4485   0.1442
   1.4395   0.1381
   1.4305   0.1320
   1.4221   0.1403
   1.4254   0.1519
   1.4096   0.1700
   1.4217   0.1647
   1.4238   0.1576
   1.4303   0.1709
   1.4276   0.1794
  99.0000   0.1794
   1.4544   0.1415
   1.4670   0.1289
   1.4733   0.1146
   1.4748   0.1015
   1.4731   0.0928
   1.4682   0.1028
   1.4705   0.0898
   1.4666   0.0811
   1.4573   0.0866
   1.4501   0.0922
   1.4486   0.1009
   1.4509   0.1052
   1.4408   0.1136
   1.4410   0.1079
   1.4318   0.1119
   1.4268   0.0989
   1.4249   0.1146
   1.4325   0.1234
   1.4463   0.1181
   1.4503   0.1240
   1.4510   0.1298
   1.4544   0.1415
  99.0000   0.1415
   1.5267  -0.0193
   1.5300  -0.0119
   1.5415  -0.0061
   1.5610  -0.0120
   1.5603  -0.0298
   1.5685  -0.0447
   1.5833  -0.0389
   1.5920  -0.0301
   1.5996  -0.0212
   1.6085  -0.0272
   1.6192  -0.0333
   1.6349  -0.0395
   1.6455  -0.0458
   1.6539  -0.0520
   1.6642  -0.0583
   1.6713  -0.0660
   1.6771  -0.0739
   1.6738  -0.0830
   1.6899  -0.0927
   1.6927  -0.0990
   1.6833  -0.1064
   1.6858  -0.1173
   1.6893  -0.1314
   1.6931  -0.1394
   1.6967  -0.1473
   1.6983  -0.1552
   1.6954  -0.1645
   1.6973  -0.1583
   1.6720  -0.1446
   1.6685  -0.1243
   1.6601  -0.1179
   1.6382  -0.1262
   1.6385  -0.1369
   1.6290  -0.1426
   1.6147  -0.1359
   1.6081  -0.1220
   1.5934  -0.1109
   1.5989  -0.0931
   1.5976  -0.0825
   1.5898  -0.0734
   1.5731  -0.0686
   1.5648  -0.0610
   1.5546  -0.0504
   1.5496  -0.0592
   1.5454  -0.0503
   1.5368  -0.0414
   1.5496  -0.0356
   1.5572  -0.0298
   1.5358  -0.0237
   1.5267  -0.0193
  99.0000  -0.0193
   1.6981  -0.0852
   1.7266  -0.0782
   1.7325  -0.0643
   1.7396  -0.0692
   1.7329  -0.0878
   1.7228  -0.0953
   1.6981  -0.0852
  99.0000  -0.0852
   1.7278  -0.0439
   1.7407  -0.0519
   1.7489  -0.0647
   1.7443  -0.0772
   1.7416  -0.0614
   1.7384  -0.0550
   1.7278  -0.0439
  99.0000  -0.0439
   1.7610  -0.0871
   1.7653  -0.0952
   1.7666  -0.1080
   1.7606  -0.0998
   1.7610  -0.0871
  99.0000  -0.0871
   1.7924  -0.1607
   1.7917  -0.1509
   1.8016  -0.1613
   1.7924  -0.1607
  99.0000  -0.1607
   1.7468  -0.3265
   1.7508  -0.3339
   1.7491  -0.3491
   1.7491  -0.3613
   1.7430  -0.3448
   1.7468  -0.3265
  99.0000  -0.3265
   1.5601  -0.1830
   1.5459  -0.1942
   1.5391  -0.2118
   1.5354  -0.2205
   1.5323  -0.2278
   1.5380  -0.2372
   1.5437  -0.2467
   1.5505  -0.2533
   1.5571  -0.2599
   1.5696  -0.2548
   1.5768  -0.2400
   1.5931  -0.2260
   1.5994  -0.2111
   1.6053  -0.1962
   1.6108  -0.1813
   1.6159  -0.1663
   1.6271  -0.1623
   1.6221  -0.1773
   1.6173  -0.1908
   1.6230  -0.2019
   1.6168  -0.2169
   1.6218  -0.2281
   1.6149  -0.2430
   1.6168  -0.2587
   1.6088  -0.2736
   1.6005  -0.2884
   1.6063  -0.2952
   1.6099  -0.3050
   1.6153  -0.3119
   1.6085  -0.3223
   1.5996  -0.3356
   1.6130  -0.3436
   1.6034  -0.3569
   1.5956  -0.3672
   1.5961  -0.3786
   1.5940  -0.3930
   1.5841  -0.4046
   1.5752  -0.4147
   1.5700  -0.4305
   1.5577  -0.4434
   1.5360  -0.4563
   1.5216  -0.4704
   1.4989  -0.4829
   1.4868  -0.4940
   1.4715  -0.4995
   1.4590  -0.5104
   1.4446  -0.5227
   1.4209  -0.5347
   1.4059  -0.5467
   1.3940  -0.5560
   1.3817  -0.5584
   1.3555  -0.5646
   1.3432  -0.5670
   1.3444  -0.5590
   1.3511  -0.5537
   1.3373  -0.5575
   1.3306  -0.5627
   1.3300  -0.5561
   1.3143  -0.5466
   1.3223  -0.5401
   1.3301  -0.5336
   1.3455  -0.5204
   1.3467  -0.5111
   1.3555  -0.5032
   1.3575  -0.4925
   1.3431  -0.5058
   1.3508  -0.4899
   1.3674  -0.4831
   1.3784  -0.4724
   1.3592  -0.4819
   1.3426  -0.4886
   1.3285  -0.5019
   1.3387  -0.4834
   1.3398  -0.4729
   1.3491  -0.4635
   1.3337  -0.4493
   1.3013  -0.4526
   1.2679  -0.4573
   1.2543  -0.4615
   1.2456  -0.4707
   1.1935  -0.4745
   1.1776  -0.4812
   1.1618  -0.4665
   1.1687  -0.4588
   1.1823  -0.4546
   1.1935  -0.4416
   1.2011  -0.4325
   1.2035  -0.4171
   1.2156  -0.4013
   1.2170  -0.3860
   1.2263  -0.3727
   1.2255  -0.3586
   1.2298  -0.3519
   1.2344  -0.3607
   1.2438  -0.3460
   1.2422  -0.3318
   1.2569  -0.3244
   1.2539  -0.3116
   1.2684  -0.3042
   1.2654  -0.3096
   1.2807  -0.3008
   1.2950  -0.2933
   1.3081  -0.2885
   1.3209  -0.2837
   1.3331  -0.2802
   1.3595  -0.2691
   1.3762  -0.2558
   1.3819  -0.2432
   1.3971  -0.2326
   1.3921  -0.2439
   1.3989  -0.2284
   1.4232  -0.2197
   1.4277  -0.2083
   1.4412  -0.2003
   1.4565  -0.2143
   1.4822  -0.2010
   1.4849  -0.1938
   1.4879  -0.1852
   1.4995  -0.1813
   1.5135  -0.1702
   1.5153  -0.1644
   1.5221  -0.1751
   1.5491  -0.1854
   1.5516  -0.1781
   1.5601  -0.1830
  99.0000  -0.1830
   1.3029  -0.5899
   1.3094  -0.5981
   1.3033  -0.6085
   1.2863  -0.6199
   1.2645  -0.6282
   1.2712  -0.6179
   1.2794  -0.6064
   1.2903  -0.5988
   1.3029  -0.5899
  99.0000  -0.5899
   1.8791  -0.3039
   1.8943  -0.2936
   1.8951  -0.3064
   1.8791  -0.3039
  99.0000  -0.3039
   1.6050  -0.5529
   1.5999  -0.5633
   1.5903  -0.5765
   1.5703  -0.5904
   1.5783  -0.5849
   1.5618  -0.6021
   1.5612  -0.6083
   1.5774  -0.6035
   1.5519  -0.6199
   1.5433  -0.6254
   1.5226  -0.6327
   1.4975  -0.6425
   1.4864  -0.6491
   1.4699  -0.6536
   1.4899  -0.6418
   1.5031  -0.6338
   1.5149  -0.6212
   1.5477  -0.6056
   1.5601  -0.5973
   1.5685  -0.5857
   1.5824  -0.5760
   1.5879  -0.5656
   1.6050  -0.5529
  99.0000  -0.5529
   1.4792  -0.6377
   1.4683  -0.6443
   1.4604  -0.6541
   1.4446  -0.6632
   1.4235  -0.6700
   1.4074  -0.6789
   1.3719  -0.6885
   1.3507  -0.6995
   1.3269  -0.7028
   1.3264  -0.6940
   1.3516  -0.6806
   1.3795  -0.6701
   1.4103  -0.6628
   1.4266  -0.6583
   1.4421  -0.6493
   1.4672  -0.6397
   1.4792  -0.6377
  99.0000  -0.6377
   1.4988   0.0002
   1.4955   0.0147
   1.5002   0.0293
   1.5018   0.0148
   1.5061   0.0089
   1.5093   0.0031
   1.5018  -0.0133
   1.4988   0.0002
  99.0000   0.0002
   1.4968  -0.0467
   1.5251  -0.0559
   1.4968  -0.0467
  99.0000  -0.0467
   1.4814  -0.0553
   1.4760  -0.0450
   1.4880  -0.0524
   1.4814  -0.0553
  99.0000  -0.0553
   1.5524  -0.1022
   1.5537  -0.0889
   1.5600  -0.0816
   1.5604  -0.0920
   1.5524  -0.1022
  99.0000  -0.1022
   1.4369  -0.1481
   1.4406  -0.1338
   1.4551  -0.1256
   1.4758  -0.1219
   1.4634  -0.1302
   1.4548  -0.1357
   1.4481  -0.1456
   1.4369  -0.1481
  99.0000  -0.1481
   1.3868  -0.1377
   1.3983  -0.1338
   1.4064  -0.1441
   1.3868  -0.1377
  99.0000  -0.1377
   1.4006  -0.1239
   1.4081  -0.1184
   1.4343  -0.1149
   1.4301  -0.1248
   1.4175  -0.1287
   1.4006  -0.1239
  99.0000  -0.1239
   1.3561  -0.1269
   1.3609  -0.1143
   1.3914  -0.1222
   1.3784  -0.1275
   1.3561  -0.1269
  99.0000  -0.1269
   1.3551  -0.1170
   1.3403  -0.1208
   1.3282  -0.1163
   1.3021  -0.1114
   1.2920  -0.1070
   1.2577  -0.0966
   1.2484  -0.0923
   1.2564  -0.0828
   1.2821  -0.0943
   1.3073  -0.0865
   1.3174  -0.0922
   1.3240  -0.0980
   1.3288  -0.1079
   1.3551  -0.1170
  99.0000  -0.1170
   1.4153   0.0002
   1.4173  -0.0116
   1.4224  -0.0187
   1.4322  -0.0116
   1.4383  -0.0217
   1.4327  -0.0274
   1.4345  -0.0345
   1.4391  -0.0446
   1.4351  -0.0532
   1.4430  -0.0590
   1.4454  -0.0662
   1.4420  -0.0762
   1.4348  -0.0661
   1.4311  -0.0703
   1.4284  -0.0574
   1.4226  -0.0502
   1.4247  -0.0373
   1.4168  -0.0430
   1.4156  -0.0572
   1.4155  -0.0672
   1.4141  -0.0786
   1.4083  -0.0657
   1.4077  -0.0500
   1.4010  -0.0400
   1.4071  -0.0286
   1.4086  -0.0158
   1.4131  -0.0101
   1.4142   0.0002
   1.4172   0.0144
   1.4679   0.0233
   1.4641   0.0074
   1.4153   0.0002
  99.0000   0.0002
   1.3726   0.1203
   1.3783   0.1332
   1.3846   0.1462
   1.3917   0.1593
   1.3850   0.1448
   1.3831   0.1305
   1.3726   0.1203
  99.0000   0.1203
   1.2962   0.0002
   1.2949   0.0140
   1.2999   0.0279
   1.3176   0.0225
   1.3193   0.0322
   1.3242   0.0421
   1.3426   0.0563
   1.3460   0.0647
   1.3562   0.0705
   1.3650   0.0848
   1.3724   0.0990
   1.3810   0.0921
   1.3885   0.0852
   1.4006   0.0755
   1.3916   0.0711
   1.3958   0.0626
   1.3853   0.0497
   1.3918   0.0328
   1.3967   0.0200
   1.4034   0.0130
   1.3885   0.0002
   1.3818  -0.0143
   1.3740  -0.0228
   1.3780  -0.0298
   1.3696  -0.0439
   1.3623  -0.0537
   1.3530  -0.0480
   1.3372  -0.0422
   1.3227  -0.0476
   1.3223  -0.0379
   1.3045  -0.0224
   1.3058  -0.0168
   1.2994  -0.0057
   1.2962   0.0002
  99.0000   0.0002
   1.2344   0.0001
   1.2310  -0.0084
   1.2420  -0.0139
   1.2471  -0.0263
   1.2551  -0.0208
   1.2661  -0.0416
   1.2584  -0.0553
   1.2559  -0.0690
   1.2535  -0.0800
   1.2296  -0.0673
   1.2197  -0.0549
   1.2107  -0.0411
   1.2048  -0.0274
   1.1997  -0.0138
   1.1920   0.0001
   1.1840   0.0137
   1.1826   0.0246
   1.1688   0.0313
   1.1648   0.0421
   1.1561   0.0529
   1.1454   0.0595
   1.1359   0.0756
   1.1693   0.0679
   1.1796   0.0545
   1.1879   0.0477
   1.1963   0.0396
   1.2048   0.0288
   1.2162   0.0220
   1.2242   0.0152
   1.2354   0.0070
   1.2344   0.0001
  99.0000   0.0001
  -0.0523   0.4387
  -0.0627   0.4423
  -0.0623   0.4493
  -0.0924   0.4611
  -0.0919   0.4670
  -0.0910   0.4775
  -0.0901   0.4867
  -0.0893   0.4960
  -0.0879   0.5110
  -0.0870   0.5202
  -0.0772   0.5236
  -0.0094   0.5336
  -0.0094   0.5416
  -0.0092   0.5530
  -0.0184   0.5632
  -0.0182   0.5689
  -0.0447   0.5814
  -0.0176   0.5936
  -0.0001   0.5902
  99.0000   0.5902
  -0.0857   0.6130
  -0.0845   0.6219
  -0.0840   0.6252
  -0.0744   0.6329
  -0.0825   0.6363
  -0.0817   0.6418
  -0.0645   0.6482
  -0.0637   0.6548
  -0.0403   0.6491
  -0.0407   0.6447
  -0.0495   0.6338
  -0.0501   0.6272
  -0.0506   0.6216
  -0.0680   0.6173
  -0.0857   0.6130
  99.0000   0.6130
  -0.0524   0.5982
  -0.0432   0.6049
  -0.0346   0.6082
  -0.0257   0.6137
  -0.0426   0.6182
  -0.0331   0.6293
  -0.0329   0.6337
  -0.0244   0.6425
  -0.0321   0.6469
  -0.0240   0.6523
  -0.0403   0.6491
  -0.0400   0.6535
  -0.0397   0.6579
  -0.0394   0.6623
  -0.0398   0.6568
  -0.0469   0.6634
  -0.0389   0.6688
  -0.0459   0.6743
  -0.0528   0.6797
  -0.0457   0.6764
  -0.0451   0.6829
  -0.0371   0.6915
  -0.0298   0.6850
  -0.0300   0.6818
  -0.0155   0.6763
  -0.0156   0.6709
  -0.0234   0.6665
  -0.0159   0.6622
  -0.0080   0.6501
  -0.0001   0.6457
   0.0000   0.6376
   0.0000   0.6321
   0.0169   0.6233
   0.0171   0.6189
   0.0083   0.6155
   0.0173   0.6111
   0.0087   0.6066
  -0.0174   0.6026
  -0.0436   0.5982
  -0.0524   0.5982
  99.0000   0.5982
  -0.0001   0.5902
   0.0000   0.5943
   0.0176   0.5988
   0.0174   0.6055
   0.0345   0.6123
   0.0425   0.6167
   0.0418   0.6267
   0.0422   0.6212
   0.0500   0.6268
   0.0493   0.6345
   0.0733   0.6402
   0.0720   0.6501
   0.0710   0.6578
   0.0618   0.6697
   0.0686   0.6752
   0.0758   0.6796
   0.0838   0.6764
   0.0853   0.6678
   0.0785   0.6622
   0.0869   0.6579
   0.0876   0.6536
   0.0864   0.6612
   0.0961   0.6526
   0.0968   0.6482
   0.0797   0.6546
   0.0808   0.6469
   0.0896   0.6415
   0.1368   0.6500
   0.1536   0.6459
   0.1597   0.6538
   0.1738   0.6585
   0.1637   0.6660
   0.1612   0.6736
   0.1657   0.6824
   0.1836   0.6753
   0.1898   0.6798
   0.1779   0.6904
   0.1691   0.6945
   0.1741   0.7001
   0.1803   0.7035
   0.2060   0.7099
   0.2034   0.7152
   0.1703   0.7097
   0.1537   0.7157
   0.1493   0.7274
   0.1387   0.7377
   0.1493   0.7444
   0.1529   0.7509
   0.1565   0.7574
   0.1536   0.7636
   0.1511   0.7688
   0.1350   0.7630
   0.1311   0.7576
   0.1347   0.7482
   0.1248   0.7395
   0.1204   0.7330
   0.1224   0.7267
   0.1180   0.7191
   0.1264   0.7139
   0.1353   0.7077
   0.1373   0.7013
   0.1319   0.6957
   0.1286   0.6816
  99.0000   0.6816
   0.1419   0.6862
   0.1439   0.6797
   0.1452   0.6754
   0.1429   0.6830
   0.1419   0.6862
  99.0000   0.6862
   0.1286   0.6816
   0.1235   0.6706
   0.1248   0.6651
   0.1107   0.6572
   0.1011   0.6669
   0.0919   0.6755
   0.0898   0.6863
   0.0800   0.6980
   0.0792   0.7023
   0.0732   0.6958
   0.0666   0.6892
   0.0599   0.6848
   0.0440   0.6933
   0.0430   0.7030
   0.0420   0.7137
   0.0343   0.7232
   0.0403   0.7296
   0.0468   0.7339
   0.0527   0.7382
   0.0646   0.7457
   0.0692   0.7541
   0.0745   0.7595
   0.0782   0.7689
   0.0818   0.7773
   0.0864   0.7825
   0.0897   0.7898
   0.0880   0.7949
   0.0860   0.8010
   0.0926   0.7981
   0.0968   0.8013
   0.0949   0.8064
   0.1037   0.8107
   0.1171   0.8153
   0.1199   0.8195
   0.1329   0.8231
   0.1497   0.8207
  99.0000   0.8207
   0.0623   0.8765
   0.0531   0.8811
   0.0481   0.8848
   0.0461   0.8906
   0.0515   0.8936
   0.0375   0.8971
   0.0332   0.9008
   0.0318   0.9056
   0.0479   0.9022
   0.0450   0.9088
   0.0558   0.9043
   0.0608   0.9007
   0.0689   0.8971
   0.0711   0.8933
   0.0799   0.8898
   0.0823   0.8860
   0.0733   0.8895
   0.0639   0.8950
   0.0625   0.8911
   0.0619   0.8852
   0.0623   0.8765
  99.0000   0.8765
   0.0617   0.9046
   0.0623   0.9084
   0.0493   0.9118
   0.0763   0.9091
   0.0762   0.9052
   0.0722   0.9021
   0.0675   0.9048
   0.0617   0.9046
  99.0000   0.9046
   0.1497   0.8207
   0.1536   0.8147
   0.1605   0.8120
   0.1736   0.8085
   0.1921   0.8053
   0.1909   0.8136
   0.2052   0.8092
   0.2202   0.7974
   0.2292   0.7937
   0.2342   0.7876
   0.2392   0.7815
   0.2357   0.7781
   0.2046   0.7796
   0.2095   0.7724
   0.2158   0.7631
   0.2185   0.7589
   0.2344   0.7544
   0.2308   0.7596
   0.2280   0.7637
   0.2483   0.7616
   0.2413   0.7709
   0.2441   0.7754
   0.2439   0.7829
   0.2588   0.7795
   0.2571   0.7881
   0.2418   0.7988
   0.2312   0.8045
   0.2596   0.7979
   0.2525   0.7931
   0.2619   0.7895
   0.2647   0.7864
   0.2668   0.7963
   0.2735   0.8012
  99.0000   0.8012
  -0.3103   0.7151
  -0.3179   0.7234
  -0.3280   0.7284
  -0.3303   0.7342
  -0.3302   0.7419
  -0.3298   0.7497
  -0.3230   0.7570
  -0.3243   0.7626
  -0.3142   0.7729
  -0.3146   0.7784
  -0.3170   0.7819
  -0.3062   0.7866
  -0.3051   0.7931
  -0.2996   0.7981
  -0.2878   0.8037
  -0.2795   0.8063
  -0.2689   0.8108
  -0.2646   0.8148
  -0.2602   0.8188
  -0.2620   0.8221
  -0.2653   0.8192
  -0.2746   0.8156
  -0.2752   0.8244
  -0.2681   0.8303
  -0.2508   0.8319
  -0.2474   0.8349
  -0.2472   0.8391
  -0.2525   0.8429
  -0.2488   0.8458
  -0.2439   0.8496
  -0.2403   0.8525
  -0.2367   0.8586
  -0.2304   0.8633
  -0.2305   0.8665
  -0.2253   0.8703
  -0.2243   0.8766
  -0.2188   0.8803
  -0.2235   0.8852
  -0.2400   0.8916
  -0.2414   0.8952
  -0.2286   0.8979
  -0.2279   0.9022
  -0.2285   0.9057
  -0.2197   0.9100
  -0.2065   0.9114
  -0.1876   0.9143
  -0.1787   0.9174
  -0.1738   0.9200
  -0.1760   0.9236
  -0.1647   0.9263
  -0.1536   0.9291
  -0.1446   0.9312
  -0.1346   0.9352
  -0.1350   0.9321
  -0.1305   0.9346
  -0.1166   0.9371
  -0.1147   0.9339
  -0.1079   0.9382
  -0.1037   0.9348
  -0.1044   0.9308
  -0.1005   0.9355
  -0.0974   0.9392
  -0.0936   0.9418
  -0.0754   0.9431
  -0.0520   0.9453
  -0.0514   0.9415
  -0.0477   0.9385
  -0.0435   0.9355
  -0.0478   0.9319
  -0.0718   0.9303
  -0.0789   0.9279
  -0.0696   0.9302
  -0.0629   0.9269
  -0.0541   0.9294
  -0.0519   0.9255
  -0.0591   0.9220
  -0.0472   0.9253
  -0.0325   0.9201
  -0.0364   0.9164
  -0.0468   0.9110
  -0.0519   0.9064
  -0.0571   0.9018
  -0.0619   0.8923
  -0.0647   0.8866
  -0.0627   0.8836
  -0.0645   0.8798
  -0.0817   0.8745
  -0.0729   0.8693
  -0.0709   0.8653
  -0.0681   0.8622
  -0.0783   0.8576
  -0.0796   0.8547
  -0.0855   0.8509
  -0.0874   0.8469
  -0.0986   0.8423
  -0.1011   0.8374
  -0.1026   0.8344
  -0.1103   0.8377
  -0.1079   0.8336
  -0.1050   0.8294
  -0.1108   0.8174
  -0.1167   0.8258
  -0.1252   0.8190
  -0.1320   0.8162
  -0.1195   0.8106
  -0.1332   0.8039
  -0.1404   0.8010
  -0.1593   0.7966
  -0.1876   0.7875
  -0.1969   0.7827
  -0.2059   0.7778
  -0.2227   0.7712
  -0.2451   0.7661
  -0.2505   0.7588
  -0.2551   0.7526
  -0.2655   0.7477
  -0.2796   0.7376
  -0.2850   0.7302
  -0.2962   0.7243
  -0.3016   0.7168
  -0.3103   0.7151
  99.0000   0.7151
  -0.1233   0.7440
  -0.1347   0.7486
  -0.1371   0.7581
  -0.1354   0.7623
  -0.1341   0.7654
  -0.1439   0.7710
  -0.1357   0.7759
  -0.1261   0.7704
  -0.1273   0.7673
  -0.1286   0.7642
  -0.1269   0.7683
  -0.1191   0.7723
  -0.1144   0.7690
  -0.1133   0.7721
  -0.0939   0.7768
  -0.0891   0.7736
  -0.0844   0.7683
  -0.0860   0.7621
  -0.0874   0.7569
  -0.0953   0.7518
  -0.1090   0.7479
  -0.1233   0.7440
  99.0000   0.7440
