2005 0 45 106.9
2005 0 45 75.8
2005 0 45 329.3
2005 0 45 259.7
2005 0 45 148.6
2005 0 45 287.4
2005 0 45 115.3
2005 0 45 174.5
2005 0 45 351.4
2005 0 45 315.0
2005 0 45 95.8
2005 0 45 93.3
2005 0 45 15.2
2005 0 45 134.7
2005 0 45 315.7
2005 0 45 205.3
2005 0 45 0.0
2005 0 45 58.2
2005 0 45 3.1
2005 0 45 263.7
2005 0 45 142.1
2005 0 45 90.9
2005 0 45 75.5
2005 0 45 240.0
2005 0 45 19.2
2005 0 45 319.4
2005 0 45 173.7
2005 0 45 64.2
2005 0 45 205.3
2005 0 45 218.7
2005 0 45 184.2
2005 0 45 14.3
2005 0 45 274.8
2005 0 45 151.4
2005 0 45 83.1
2005 0 45 229.1
2005 0 45 232.3
2005 0 45 49.5
2005 0 45 249.5
2005 0 45 200.7
2005 0 45 44.0
2005 0 45 324.4
2005 0 45 290.8
2005 0 45 246.2
2005 0 45 103.6
2005 0 45 264.0
2005 0 45 2.9
2005 0 45 356.5
2005 0 45 26.7
2005 0 45 333.4
2005 0 45 119.0
2005 0 45 304.2
2005 0 45 117.0
2005 0 45 197.9
2005 0 45 195.1
2005 0 45 243.2
2005 0 45 222.2
2005 0 45 142.4
2005 0 45 271.8
2005 0 45 197.4
2005 0 45 238.3
2005 0 45 34.8
2005 0 45 135.0
2005 0 45 305.0
2005 0 45 235.1
2005 0 45 225.3
2005 0 45 0.0
2005 0 45 97.7
2005 0 45 78.1
2005 0 45 111.5
2005 0 45 254.8
2005 0 45 40.0
2005 0 45 220.0
2005 0 45 283.9
2005 0 45 167.6
2005 0 45 349.9
2005 0 45 233.6
2005 0 45 92.9
2005 0 45 315.0
2005 0 45 78.8
2005 0 45 86.2
2005 0 45 68.7
2005 0 45 211.6
2005 0 45 269.1
2005 0 45 251.7
2005 0 45 182.8
2005 0 45 273.8
2005 0 45 181.9
2005 0 45 69.7
2005 0 45 72.6
2005 0 45 185.5
2005 0 45 182.8
2005 0 45 0.0
2005 0 45 270.0
2005 0 45 150.8
2005 0 45 95.6
2005 0 45 75.3
2005 0 45 101.6
2005 0 45 54.0
2005 0 45 217.7
2005 0 45 146.8
2005 0 45 116.9
2005 0 45 25.3
2005 0 45 180.0
2005 0 45 106.8
2005 0 45 73.8
2005 0 45 0.0
2005 0 45 185.9
2005 0 45 80.0
2005 0 45 128.8
2005 0 45 24.0
2005 0 45 101.4
2005 0 45 96.0
2005 0 45 71.4
2005 0 45 111.0
2005 0 45 11.0
2005 0 45 93.3
2005 0 45 17.8
2005 0 45 58.6
2005 0 45 327.0
2005 0 45 341.1
2005 0 45 354.1
2005 0 45 116.9
2005 0 45 58.4
2005 0 45 180.0
2005 0 45 280.0
2005 0 45 353.7
2005 0 45 319.4
2005 0 45 288.8
2005 0 45 293.2
2005 0 45 200.0
2005 0 45 85.2
2005 0 45 210.9
2005 0 45 120.0
2005 0 45 242.5
2005 0 45 35.5
2005 0 45 296.7
2005 0 45 122.9
2005 0 45 20.3
2005 0 45 66.5
2005 0 45 211.6
2005 0 45 2.8
2005 0 45 11.8
2005 0 45 37.9
2005 0 45 57.8
2005 0 45 320.6
2005 0 45 86.2
2005 0 45 243.2
2005 0 45 291.8
2005 0 45 111.6
2005 0 45 68.2
2005 0 45 268.7
2005 0 45 0.0
2005 0 45 176.8
2005 0 45 113.8
2005 0 45 356.6
2005 0 45 165.0
2005 0 45 27.5
2005 0 45 357.1
2005 0 45 185.7
2005 0 45 207.7
2005 0 45 113.5
2005 0 45 267.2
2005 0 45 88.6
2005 0 45 186.9
2005 0 45 232.1
2005 0 45 213.6
2005 0 45 304.9
2005 0 45 75.3
2005 0 45 93.3
2005 0 45 189.8
2005 0 45 160.6
2005 0 45 136.2
2005 0 45 168.2
2005 0 45 22.7
2005 0 45 181.4
2005 0 45 305.6
2005 0 45 290.9
2005 0 45 85.3
2005 0 45 286.5
2005 0 45 76.9
2005 0 45 225.7
2005 0 45 233.7
2005 0 45 96.0
2005 0 45 331.9
2005 0 45 126.5
2005 0 45 246.7
2005 0 45 166.7
2005 0 45 171.6
2005 0 45 53.3
2005 0 45 129.8
2005 0 45 269.2
2005 0 45 73.3
2005 0 45 167.6
2005 0 45 128.6
2005 0 45 11.2
2005 0 45 234.5
2005 0 45 21.5
2005 0 45 31.6
2005 0 45 150.0
