49.1 217.7 80.99
8.2 146.8 90.65
-27.3 116.9 113.6
-13.6 25.3 75.19
62.7 180.0 76.57
46.4 106.8 93.96
21.8 73.8 95.09
-68.2 0.0 50.44
-21.8 185.9 94.1
51.8 80.0 88.95
43.6 128.8 88.86
-62.7 24.0 50.01
38.2 101.4 96.15
62.7 96.0 86.4
16.4 71.4 95.79
24.5 111.0 97.05
-2.7 11.0 83.52
-65.5 93.3 81.85
-51.8 17.8 43.43
49.1 58.6 83.97
2.7 327.0 72.44
-43.6 341.1 41.7
-21.8 354.1 59.81
27.3 116.9 95.21
73.6 58.4 75.68
79.1 180.0 75.37
51.8 280.0 88.62
-30.0 353.7 50.68
57.3 319.4 77.1
46.4 288.8 88.62
-19.1 293.2 53.1
-16.4 200.0 87.78
-2.7 85.2 109.5
-13.6 210.9 83.4
-30.0 120.0 112.5
-43.6 242.5 69.26
57.3 35.5 76.09
-46.4 296.7 43.84
-16.4 122.9 114.7
57.3 20.3 74.1
8.2 66.5 96.63
5.5 211.6 81.91
8.2 2.8 82.1
21.8 11.8 81.94
54.5 37.9 77.32
-51.8 57.8 64.96
-13.6 320.6 58.54
27.3 86.2 96.43
73.6 243.2 77.71
-43.6 291.8 44.61
10.9 111.6 100.8
0.0 68.2 99.66
57.3 268.7 87.07
76.4 0.0 71.09
30.0 176.8 72.4
27.3 113.8 96.1
35.5 356.6 77.31
79.1 165.0 75.69
-2.7 27.5 85.09
-19.1 357.1 63.98
43.6 185.7 72.93
-8.2 207.7 84.32
-32.7 113.5 110.9
13.6 267.2 91.16
-60.0 88.6 82.53
-2.7 186.9 88.49
-54.5 232.1 74.64
46.4 213.6 79.44
32.7 304.9 84.3
-10.9 75.3 105.3
-65.5 93.3 81.85
-10.9 189.8 90.9
8.2 160.6 86.12
-73.6 136.2 85.85
-35.5 168.2 99.97
32.7 22.7 81.87
10.9 181.4 80.75
49.1 305.6 82.53
-40.9 290.9 44.61
-54.5 85.3 83.59
-68.2 286.5 59.15
-38.2 76.9 88.18
16.4 225.7 82.87
-30.0 233.7 73.05
62.7 96.0 86.4
13.6 331.9 75.91
32.7 126.5 90.88
65.5 246.7 82.21
65.5 166.7 77.38
-49.1 171.6 94.85
-51.8 53.3 61.65
21.8 129.8 90.63
32.7 269.2 94.99
65.5 73.3 81.39
2.7 167.6 89.36
16.4 128.6 92.81
-10.9 11.2 77.52
0.0 234.5 80.6
-27.3 21.5 55.88
46.4 31.6 78.9
79.1 150.0 76.14
