-13.6 106.9
-54.5 75.8
-10.9 329.3
21.8 259.7
-16.4 148.6
-30.0 287.4
13.6 115.3
40.9 174.5
-16.4 351.4
-24.5 315.0
-19.1 95.8
-51.8 93.3
-57.3 15.2
2.7 134.7
8.2 315.7
13.6 205.3
-87.3 0.0
40.9 58.2
27.3 3.1
57.3 263.7
54.5 142.1
38.2 90.9
19.1 75.5
-87.3 240.0
-5.5 19.2
19.1 319.4
30.0 173.7
-10.9 64.2
13.6 205.3
-35.5 218.7
49.1 184.2
-16.4 14.3
5.5 274.8
-16.4 151.4
-46.4 83.1
-40.9 229.1
19.1 232.3
5.5 49.5
-30.0 249.5
21.8 200.7
-5.5 44.0
-46.4 324.4
-8.2 290.8
27.3 246.2
0.0 103.6
-62.7 264.0
19.1 2.9
38.2 356.5
65.5 26.7
21.8 333.4
-19.1 119.0
57.3 304.2
-24.5 117.0
2.7 197.9
2.7 195.1
-32.7 243.2
51.8 222.2
46.4 142.4
68.2 271.8
19.1 197.4
57.3 238.3
-76.4 34.8
-13.6 135.0
-5.5 305.0
-68.2 235.1
5.5 225.3
-32.7 0.0
-10.9 97.7
-10.9 78.1
-57.3 111.5
60.0 254.8
-27.3 40.0
81.8 220.0
57.3 283.9
2.7 167.6
35.5 349.9
-2.7 233.6
-19.1 92.9
24.5 315.0
-13.6 78.8
27.3 86.2
2.7 68.7
-5.5 211.6
38.2 269.1
-38.2 251.7
13.6 182.8
27.3 273.8
43.6 181.9
76.4 69.7
30.0 72.6
8.2 185.5
-8.2 182.8
19.1 0.0
0.0 270.0
-27.3 150.8
13.6 95.6
-70.9 75.3
-19.1 101.6
-24.5 54.0
49.1 217.7
8.2 146.8
-27.3 116.9
-13.6 25.3
62.7 180.0
46.4 106.8
21.8 73.8
-68.2 0.0
-21.8 185.9
51.8 80.0
43.6 128.8
-62.7 24.0
38.2 101.4
62.7 96.0
16.4 71.4
24.5 111.0
-2.7 11.0
-65.5 93.3
-51.8 17.8
49.1 58.6
2.7 327.0
-43.6 341.1
-21.8 354.1
27.3 116.9
73.6 58.4
79.1 180.0
51.8 280.0
-30.0 353.7
57.3 319.4
46.4 288.8
-19.1 293.2
-16.4 200.0
-2.7 85.2
-13.6 210.9
-30.0 120.0
-43.6 242.5
57.3 35.5
-46.4 296.7
-16.4 122.9
57.3 20.3
8.2 66.5
5.5 211.6
8.2 2.8
21.8 11.8
54.5 37.9
-51.8 57.8
-13.6 320.6
27.3 86.2
73.6 243.2
-43.6 291.8
10.9 111.6
0.0 68.2
57.3 268.7
76.4 0.0
30.0 176.8
27.3 113.8
35.5 356.6
79.1 165.0
-2.7 27.5
-19.1 357.1
43.6 185.7
-8.2 207.7
-32.7 113.5
13.6 267.2
-60.0 88.6
-2.7 186.9
-54.5 232.1
46.4 213.6
32.7 304.9
-10.9 75.3
-65.5 93.3
-10.9 189.8
8.2 160.6
-73.6 136.2
-35.5 168.2
32.7 22.7
10.9 181.4
49.1 305.6
-40.9 290.9
-54.5 85.3
-68.2 286.5
-38.2 76.9
16.4 225.7
-30.0 233.7
62.7 96.0
13.6 331.9
32.7 126.5
65.5 246.7
65.5 166.7
-49.1 171.6
-51.8 53.3
21.8 129.8
32.7 269.2
65.5 73.3
2.7 167.6
16.4 128.6
-10.9 11.2
0.0 234.5
-27.3 21.5
46.4 31.6
79.1 150.0
