0.24 -44.84
-62.60 -70.64
-22.83 -33.51
6.53 50.01
7.71 -43.99
3.59 -28.99
-0.78 13.71
3.44 53.23
-19.89 -53.91
-20.41 -36.16
-5.74 -54.60
-55.94 -76.45
-28.77 -59.29
2.03 -10.99
-18.92 15.33
9.20 27.39
-26.04 -70.81
5.33 59.99
-0.65 36.06
2.10 80.51
-12.65 68.14
1.05 57.31
-0.91 26.17
86.06 -72.96
-2.54 -39.53
-16.37 31.06
5.44 42.12
-10.27 -40.44
9.20 27.39
19.64 -52.81
7.01 61.10
-9.46 -58.13
1.43 30.94
8.32 -43.49
-50.23 -72.42
22.73 -55.79
10.78 40.30
-0.75 -4.82
16.78 -39.93
9.96 38.43
-2.91 -31.65
-13.78 -54.20
-6.74 7.16
10.96 53.21
0.28 -18.93
33.54 -60.84
-1.44 18.88
-2.20 52.63
9.27 76.23
-11.44 28.15
1.94 -51.20
-26.69 75.47
0.89 -58.48
8.95 5.78
9.01 5.21
18.19 -44.64
20.13 69.21
-10.12 60.60
-23.85 85.79
9.50 34.36
21.83 76.72
-48.32 -66.10
4.35 -41.51
-17.02 2.40
51.00 -70.48
9.31 16.72
-24.10 -65.80
-2.08 -41.79
-8.76 -41.68
-58.91 -82.58
12.70 81.35
-23.97 -60.31
41.59 88.19
-21.39 79.24
8.61 -4.10
-4.30 48.84
9.55 2.46
-7.30 -54.77
-16.38 41.78
-10.16 -46.27
0.07 41.32
-4.02 -11.85
9.95 -8.46
0.32 67.14
21.40 -48.10
9.06 22.42
-1.63 57.67
6.27 56.27
34.89 84.26
1.18 46.07
9.18 13.65
10.46 -20.62
-2.10 18.63
4.82 20.32
10.48 -57.71
-0.76 12.90
-79.00 -71.32
-2.90 -53.94
-24.10 -57.23
18.60 66.16
3.26 1.47
0.25 -61.74
-4.72 -52.45
4.88 72.41
-3.76 66.21
-0.44 31.75
-19.10 -60.37
13.61 -43.29
8.00 70.97
-9.85 60.36
-35.48 -60.06
-1.38 57.28
5.28 79.85
-1.26 20.65
-2.09 36.15
-4.15 -34.54
-85.29 -76.42
-30.10 -60.02
9.05 67.53
-18.88 -7.48
-20.12 -60.20
-22.20 -59.65
-3.51 40.65
28.62 82.14
8.79 85.11
-13.83 76.47
-24.86 -63.47
-22.51 73.00
-17.04 71.38
-5.93 -13.31
12.15 -31.77
-4.03 -25.94
11.63 -24.38
0.73 -64.27
24.93 -55.06
9.61 72.01
4.57 -45.07
2.56 -46.84
4.68 71.36
-2.57 1.78
9.05 13.93
-3.34 -8.39
0.40 25.90
9.11 70.32
-54.58 -64.57
-23.02 -28.32
0.07 41.32
31.30 86.75
7.04 -42.63
-0.22 7.47
-4.85 -18.22
-4.54 80.62
-7.19 81.21
6.41 42.74
-2.99 40.90
-2.09 48.98
-1.27 85.21
-0.24 -31.35
-19.48 -58.56
7.86 56.67
10.34 -14.80
-3.46 -67.70
3.93 41.17
-73.28 -75.18
9.69 -8.15
33.89 -64.71
17.06 63.22
-17.09 55.59
-9.33 -41.41
-85.29 -76.42
10.79 -24.03
6.53 4.39
-162.11 -83.43
17.69 -62.85
2.67 47.15
9.11 17.26
-21.47 69.51
6.30 -40.45
-63.49 -73.97
24.33 -60.47
-39.70 -68.52
10.36 35.19
16.89 -43.54
5.28 79.85
-13.81 11.82
-6.22 47.57
22.60 83.37
-3.37 74.84
27.94 -72.80
-52.51 -63.32
-3.10 29.28
0.85 62.49
20.86 79.79
8.61 -4.10
-1.68 18.81
-7.50 -50.37
9.32 8.07
-17.93 -65.37
5.44 63.78
-9.09 85.73
