 1  0.99984771  0.99954319  0.99908632
 2  0.999390841  0.998172998  0.996347845
 3  0.99862951  0.995891333  0.991791248
 4  0.997564077  0.992701173  0.985429108
 5  0.99619472  0.988605857  0.977276683
 6  0.994521916  0.983610749  0.967356145
 7  0.992546141  0.977721691  0.95569253
 8  0.990268052  0.970946193  0.942316234
 9  0.987688363  0.96329248  0.927262425
 10  0.98480773  0.954769373  0.910568595
 11  0.981627166  0.94538784  0.892279148
 12  0.978147626  0.935159206  0.872441173
 13  0.974370062  0.924095511  0.851104915
 14  0.970295727  0.912210703  0.828326344
 15  0.965925813  0.899518967  0.804163873
 16  0.96126169  0.886036038  0.778679669
 17  0.956304789  0.87177825  0.751939654
 18  0.95105654  0.856762767  0.724012017
 19  0.945518553  0.841008067  0.694968879
 20  0.939692616  0.824533224  0.664884686
 21  0.933580399  0.807358503  0.633836687
 22  0.927183867  0.789504886  0.601904273
 23  0.920504868  0.770993829  0.569169402
 24  0.91354543  0.751847982  0.535715044
 25  0.906307757  0.732090592  0.501627266
 26  0.898794055  0.711746097  0.466992527
 27  0.891006529  0.690838933  0.431898981
 28  0.882947564  0.669394612  0.396435469
 29  0.874619722  0.64743948  0.360692352
 30  0.866025388  0.625  0.324759513
 31  0.857167304  0.60210371  0.28872776
 32  0.848048091  0.578778386  0.252687782
 33  0.838670552  0.555052519  0.216729835
 34  0.829037607  0.530955076  0.180944413
 35  0.819152057  0.506515145  0.145420104
 36  0.809017003  0.481762767  0.110245846
 37  0.798635542  0.456728101  0.0755085275
 38  0.788010776  0.431441545  0.0412937328
 39  0.777145922  0.405933738  0.00768557191
 40  0.766044438  0.380236089 -0.0252334364
 41  0.754709601  0.354379892 -0.0573832802
 42  0.74314481  0.32839632 -0.0886865035
 43  0.7313537  0.302317381 -0.119067572
 44  0.719339788  0.276174605 -0.148454174
 45  0.707106769  0.24999994 -0.176776782
 46  0.694658399  0.223825455 -0.20396857
 47  0.681998372  0.197682679 -0.229966789
 48  0.669130564  0.17160356 -0.254711747
 49  0.656059027  0.145620167 -0.278146982
 50  0.642787635  0.119763911 -0.30022046
 51  0.629320443  0.0940663218 -0.32088384
 52  0.615661502  0.0685586333 -0.340092838
 53  0.601815045  0.0432720184 -0.35780713
 54  0.587785304  0.0182373524 -0.373990804
 55  0.57357645 -0.0065150857 -0.388612449
 56  0.559192896 -0.030954957 -0.401644915
 57  0.544639051 -0.0550524592 -0.413065553
 58  0.529919267 -0.0787783265 -0.42285645
 59  0.515038073 -0.10210368 -0.431004167
 60  0.49999997 -0.12500006 -0.4375
 61  0.484809577 -0.14743951 -0.442339867
 62  0.469471604 -0.169394612 -0.445524365
 63  0.453990519 -0.190838903 -0.447058767
 64  0.438371152 -0.211746097 -0.446953058
 65  0.42261824 -0.232090712 -0.445221782
 66  0.406736612 -0.251847982 -0.4418841
 67  0.390731186 -0.27099371 -0.436963618
 68  0.374606639 -0.289504796 -0.430488467
 69  0.35836798 -0.307358593 -0.422491133
 70  0.342020154 -0.324533314 -0.413008332
 71  0.32556814 -0.341008067 -0.402081043
 72  0.309016973 -0.356762767 -0.389754206
 73  0.29237178 -0.371778131 -0.376076907
 74  0.275637388 -0.386036038 -0.361101538
 75  0.258819073 -0.399519026 -0.344884604
 76  0.241921902 -0.412210703 -0.327485919
 77  0.224951044 -0.424095541 -0.308968604
 78  0.207911655 -0.435159117 -0.289398849
 79  0.190809056 -0.44538784 -0.268846095
 80  0.173648223 -0.454769433 -0.247381985
 81  0.156434491 -0.46329236 -0.225081176
 82  0.139173105 -0.470946282 -0.202020481
 83  0.121869326 -0.47772181 -0.178278938
 84  0.10452842 -0.483610719 -0.153937384
 85  0.087155804 -0.488605797 -0.129078597
 86  0.0697565079 -0.492701054 -0.103786178
 87  0.0523359738 -0.495891422 -0.078145586
 88  0.0348994955 -0.498173028 -0.0522429757
 89  0.0174523834 -0.49954313 -0.0261652842
 90 -4.37113883E-08 -0.5  6.55670789E-08
 91 -0.0174523517 -0.49954313  0.0261652377
 92 -0.034899462 -0.498173028  0.0522429273
 93 -0.0523359403 -0.495891422  0.0781455338
 94 -0.0697564781 -0.492701054  0.103786133
 95 -0.0871557668 -0.488605797  0.129078537
 96 -0.104528509 -0.48361069  0.153937519
 97 -0.121869288 -0.47772181  0.178278878
 98 -0.139173076 -0.470946282  0.202020466
 99 -0.156434447 -0.46329239  0.225081101
 100 -0.173648193 -0.454769462  0.247381955
 101 -0.190809026 -0.44538787  0.268846065
 102 -0.207911626 -0.435159147  0.289398819
 103 -0.224950999 -0.424095571  0.308968544
 104 -0.241921872 -0.412210703  0.327485889
 105 -0.258819044 -0.399519056  0.344884574
 106 -0.275637358 -0.386036068  0.361101508
 107 -0.29237175 -0.371778131  0.376076847
 108 -0.309016943 -0.356762797  0.389754206
 109 -0.32556811 -0.341008097  0.402081013
 110 -0.342020124 -0.324533343  0.413008302
 111 -0.35836795 -0.307358623  0.422491074
 112 -0.374606609 -0.289504826  0.430488437
 113 -0.390731156 -0.270993769  0.436963588
 114 -0.406736583 -0.251848042  0.441884071
 115 -0.42261833 -0.232090622  0.445221782
 116 -0.438371122 -0.211746156  0.446953058
 117 -0.4539904 -0.190839052  0.447058767
 118 -0.469471574 -0.169394672  0.445524365
 119 -0.484809548 -0.147439569  0.442339897
 120 -0.50000006 -0.124999911  0.4375
 121 -0.515038013 -0.10210377  0.431004226
 122 -0.529919326 -0.0787782669  0.42285642
 123 -0.544639051 -0.0550524592  0.413065553
 124 -0.559192836 -0.0309550464  0.401644945
 125 -0.57357645 -0.0065150857  0.388612449
 126 -0.587785184  0.018237114  0.373990953
 127 -0.601815104  0.0432721376  0.35780704
 128 -0.615661442  0.0685585141  0.340092868
 129 -0.629320323  0.094066143  0.320884049
 130 -0.642787635  0.119763911  0.30022046
 131 -0.656058967  0.145620048  0.278147131
 132 -0.669130683  0.171603799  0.254711479
 133 -0.681998312  0.1976825  0.229966938
 134 -0.694658279  0.223825157  0.203968868
 135 -0.707106769  0.24999994  0.176776782
 136 -0.719339728  0.276174426  0.148454428
 137 -0.73135376  0.3023175  0.119067498
 138 -0.74314481  0.32839632  0.0886865035
 139 -0.754709661  0.354380012  0.0573830158
 140 -0.766044438  0.380236089  0.0252334364
 141 -0.777145863  0.405933499 -0.00768538564
 142 -0.788010776  0.431441545 -0.0412937328
 143 -0.798635483  0.456727982 -0.0755082369
 144 -0.809017062  0.481762886 -0.110245951
 145 -0.819152057  0.506515145 -0.145420104
 146 -0.829037488  0.530954838 -0.180943981
 147 -0.838670552  0.555052519 -0.216729835
 148 -0.848048031  0.578778267 -0.252687454
 149 -0.857167304  0.60210371 -0.28872776
 150 -0.866025388  0.625 -0.324759513
 151 -0.874619782  0.647439599 -0.36069268
 152 -0.882947564  0.669394612 -0.396435469
 153 -0.89100647  0.690838814 -0.431898624
 154 -0.898794055  0.711746097 -0.466992527
 155 -0.906307757  0.732090592 -0.501627266
 156 -0.913545489  0.751847982 -0.535715282
 157 -0.920504868  0.770993829 -0.569169402
 158 -0.927183807  0.789504766 -0.601904035
 159 -0.933580458  0.807358742 -0.633836925
 160 -0.939692616  0.824533224 -0.664884686
 161 -0.945518613  0.841008186 -0.694968939
 162 -0.95105648  0.856762648 -0.724011719
 163 -0.956304729  0.871778011 -0.751939416
 164 -0.96126169  0.886036038 -0.778679669
 165 -0.965925813  0.899518967 -0.804163873
 166 -0.970295727  0.912210703 -0.828326344
 167 -0.974370062  0.924095511 -0.851104915
 168 -0.978147626  0.935159206 -0.872441173
 169 -0.981627166  0.94538784 -0.892279148
 170 -0.98480773  0.954769373 -0.910568595
 171 -0.987688363  0.96329248 -0.927262425
 172 -0.990268052  0.970946193 -0.942316234
 173 -0.992546141  0.977721691 -0.95569253
 174 -0.994521916  0.983610749 -0.967356145
 175 -0.996194661  0.988605738 -0.977276385
 176 -0.997564077  0.992701173 -0.985429108
 177 -0.99862951  0.995891333 -0.991791248
 178 -0.999390841  0.998172998 -0.996347845
 179 -0.99984771  0.99954319 -0.99908632
 180 -1.  1. -1.
 181 -0.99984771  0.99954319 -0.99908632
 182 -0.999390841  0.998172998 -0.996347845
 183 -0.99862951  0.995891333 -0.991791248
 184 -0.997564077  0.992701173 -0.985429108
 185 -0.99619472  0.988605857 -0.977276683
 186 -0.994521916  0.983610749 -0.967356145
 187 -0.992546141  0.977721691 -0.95569253
 188 -0.990268052  0.970946193 -0.942316234
 189 -0.987688363  0.96329248 -0.927262425
 190 -0.98480773  0.954769373 -0.910568595
 191 -0.981627166  0.94538784 -0.892279148
 192 -0.978147566  0.935158968 -0.872440875
 193 -0.974370062  0.924095511 -0.851104915
 194 -0.970295727  0.912210703 -0.828326344
 195 -0.965925813  0.899518967 -0.804163873
 196 -0.96126169  0.886036038 -0.778679669
 197 -0.956304729  0.871778011 -0.751939416
 198 -0.95105654  0.856762767 -0.724012017
 199 -0.945518613  0.841008186 -0.694968939
 200 -0.939692616  0.824533224 -0.664884686
 201 -0.933580458  0.807358742 -0.633836925
 202 -0.927183807  0.789504766 -0.601904035
 203 -0.920504868  0.770993829 -0.569169402
 204 -0.913545489  0.751847982 -0.535715282
 205 -0.906307817  0.732090712 -0.501627505
 206 -0.898794115  0.711746335 -0.466992974
 207 -0.891006529  0.690838933 -0.431898981
 208 -0.882947624  0.669394732 -0.396435797
 209 -0.874619663  0.647439361 -0.360692203
 210 -0.866025388  0.625 -0.324759513
 211 -0.857167363  0.602103829 -0.288728088
 212 -0.848048091  0.578778386 -0.252687782
 213 -0.838670611  0.555052519 -0.216730058
 214 -0.829037547  0.530954838 -0.180944189
 215 -0.819152057  0.506515145 -0.145420104
 216 -0.809017062  0.481762886 -0.110245951
 217 -0.798635483  0.456727982 -0.0755082369
 218 -0.788010836  0.431441605 -0.0412939228
 219 -0.777145922  0.405933738 -0.00768557191
 220 -0.766044497  0.380236268  0.0252331644
 221 -0.754709542  0.354379773  0.0573833659
 222 -0.74314481  0.32839632  0.0886865035
 223 -0.73135376  0.3023175  0.119067498
 224 -0.719339788  0.276174605  0.148454174
 225 -0.707106829  0.250000119  0.176776618
 226 -0.694658339  0.223825336  0.203968719
 227 -0.681998372  0.197682679  0.229966789
 228 -0.669130683  0.171603799  0.254711479
 229 -0.656059027  0.145620167  0.278146982
 230 -0.642787516  0.119763672  0.300220698
 231 -0.629320323  0.094066143  0.320884049
 232 -0.615661502  0.0685586333  0.340092838
 233 -0.601815164  0.0432722569  0.357806981
 234 -0.587785423  0.0182375908  0.373990685
 235 -0.573576331 -0.00651529431  0.388612598
 236 -0.559192896 -0.030954957  0.401644915
 237 -0.544639111 -0.0550523698  0.413065523
 238 -0.529919386 -0.0787781477  0.42285639
 239 -0.515038311 -0.102103323  0.431004077
 240 -0.499999911 -0.125000119  0.43750003
 241 -0.484809607 -0.14743948  0.442339867
 242 -0.469471633 -0.169394583  0.445524335
 243 -0.453990668 -0.190838695  0.447058767
 244 -0.438370973 -0.211746335  0.446953088
 245 -0.422618181 -0.232090831  0.445221782
 246 -0.406736642 -0.251847953  0.441884071
 247 -0.390731215 -0.27099365  0.436963648
 248 -0.374606788 -0.289504647  0.430488557
 249 -0.358367771 -0.307358801  0.422491014
 250 -0.342020065 -0.324533403  0.413008302
 251 -0.325568169 -0.341008067  0.402081072
 252 -0.309017092 -0.356762648  0.389754325
 253 -0.292371899 -0.371778011  0.376076967
 254 -0.275637209 -0.386036187  0.361101359
 255 -0.258818984 -0.399519086  0.344884515
 256 -0.241921932 -0.412210673  0.327485949
 257 -0.224951178 -0.424095452  0.308968753
 258 -0.207911924 -0.435158968  0.289399177
 259 -0.190808848 -0.445387989  0.268845856
 260 -0.173648134 -0.454769492  0.247381881
 261 -0.156434521 -0.46329236  0.225081205
 262 -0.139173254 -0.470946193  0.202020705
 263 -0.121869594 -0.477721691  0.17827931
 264 -0.104528338 -0.483610749  0.15393728
 265 -0.0871557146 -0.488605827  0.129078463
 266 -0.0697565451 -0.492701024  0.10378623
 267 -0.0523361228 -0.495891392  0.0781458095
 268 -0.0348997638 -0.498172998  0.052243378
 269 -0.0174522959 -0.49954313  0.0261651538
 270  1.19248806E-08 -0.5 -1.78873201E-08
 271  0.0174523201 -0.49954313 -0.0261651892
 272  0.0348993093 -0.498173058 -0.0522426963
 273  0.0523361489 -0.495891392 -0.0781458393
 274  0.0697565675 -0.492701024 -0.103786267
 275  0.087155737 -0.488605827 -0.129078493
 276  0.10452836 -0.483610749 -0.153937295
 277  0.121869139 -0.47772187 -0.178278685
 278  0.139173269 -0.470946193 -0.202020705
 279  0.156434536 -0.46329236 -0.225081235
 280  0.173648149 -0.454769492 -0.247381911
 281  0.190808877 -0.445387959 -0.268845886
 282  0.207911476 -0.435159236 -0.28939864
 283  0.224951208 -0.424095422 -0.308968753
 284  0.241921946 -0.412210643 -0.327485979
 285  0.258819014 -0.399519086 -0.344884574
 286  0.275637209 -0.386036187 -0.361101359
 287  0.292371482 -0.371778369 -0.376076669
 288  0.309017122 -0.356762648 -0.389754325
 289  0.325568199 -0.341008008 -0.402081072
 290  0.342020094 -0.324533403 -0.413008302
 291  0.358367801 -0.307358801 -0.422490984
 292  0.374606371 -0.289505124 -0.430488348
 293  0.390731245 -0.27099365 -0.436963648
 294  0.406736672 -0.251847923 -0.441884071
 295  0.422618181 -0.232090831 -0.445221782
 296  0.438371003 -0.211746305 -0.446953058
 297  0.453990251 -0.190839261 -0.447058767
 298  0.469471663 -0.169394553 -0.445524335
 299  0.484809637 -0.14743942 -0.442339867
 300  0.499999911 -0.125000119 -0.43750003
 301  0.515037894 -0.102103949 -0.431004256
 302  0.529919446 -0.0787780881 -0.422856331
 303  0.544639111 -0.0550523698 -0.413065523
 304  0.559192896 -0.030954957 -0.401644915
 305  0.573576331 -0.00651529431 -0.388612598
 306  0.587785065  0.0182369351 -0.373991042
 307  0.601815164  0.0432722569 -0.357806981
 308  0.615661502  0.0685586333 -0.340092838
 309  0.629320383  0.0940662026 -0.32088396
 310  0.642787516  0.119763672 -0.300220698
 311  0.656058848  0.14561981 -0.27814731
 312  0.669130743  0.171603918 -0.25471136
 313  0.681998372  0.197682679 -0.229966789
 314  0.694658339  0.223825336 -0.203968719
 315  0.70710665  0.249999762 -0.176777005
 316  0.719339609  0.276174247 -0.148454651
 317  0.731353819  0.302317619 -0.119067244
 318  0.74314487  0.32839644 -0.0886864215
 319  0.754709542  0.354379773 -0.0573833659
 320  0.766044319  0.380235791 -0.0252337065
 321  0.777145803  0.40593344  0.00768529251
 322  0.788010836  0.431441605  0.0412939228
 323  0.798635542  0.456728101  0.0755085275
 324  0.809016943  0.481762648  0.110245548
 325  0.819151938  0.506514788  0.145419791
 326  0.829037428  0.530954599  0.180943772
 327  0.838670611  0.555052519  0.216730058
 328  0.848048091  0.578778386  0.252687782
 329  0.857167244  0.602103472  0.288727522
 330  0.866025329  0.624999762  0.324759305
 331  0.874619782  0.647439599  0.36069268
 332  0.882947624  0.669394732  0.396435797
 333  0.891006529  0.690838933  0.431898981
 334  0.898793995  0.711745977  0.466992289
 335  0.906307697  0.732090473  0.501626968
 336  0.913545549  0.751848221  0.53571558
 337  0.920504868  0.770993829  0.569169402
 338  0.927183867  0.789504886  0.601904273
 339  0.933580399  0.807358503  0.633836687
 340  0.939692557  0.824533224  0.664884448
 341  0.945518613  0.841008186  0.694968939
 342  0.95105654  0.856762767  0.724012017
 343  0.956304729  0.871778011  0.751939416
 344  0.96126163  0.886035919  0.778679371
 345  0.965925753  0.899518847  0.804163575
 346  0.970295787  0.912210822  0.828326643
 347  0.974370062  0.924095511  0.851104915
 348  0.978147566  0.935158968  0.872440875
 349  0.981627166  0.94538784  0.892279148
 350  0.98480773  0.954769373  0.910568595
 351  0.987688363  0.96329248  0.927262425
 352  0.990268052  0.970946193  0.942316234
 353  0.992546141  0.977721691  0.95569253
 354  0.994521856  0.983610511  0.967355669
 355  0.996194661  0.988605738  0.977276385
 356  0.997564077  0.992701173  0.985429108
 357  0.99862951  0.995891333  0.991791248
 358  0.999390841  0.998172998  0.996347845
 359  0.99984771  0.99954319  0.99908632
 360  1.  1.  1.
