MicroMag 2900/3900 Data File (Series 0015)
First-order reversal curves
Configuration   :  AGM
Hardware version:  0004
Software version:  01/23/2008
Units of measure:  cgs
Temperature in  :  Kelvin
04/07/2008  13:52
""

Averaging time = +1.000000E-01
Hb1            = -5.000000E+02
Hb2            = +5.000000E+02
Hc1            =  0.000000E+00
Hc2            = +1.200000E+03
HCal           = +2.091594E+03
HNcr           = +4.782613E+01
HSat           = +3.000000E+03
NCrv           = 55
PauseCal       = +1.000000E+00
PauseNtl       = +1.000000E+00
PauseSat       = +1.000000E+00
SlewRate       = +1.000000E+04
Smoothing      = 3

Field range    = +2.100000E+03
Moment range   = +5.000000E-05
Temperature    = N/A
Orientation    = N/A
Elapsed time   = +7.328095E+02
Slope corr.    = N/A
Saturation     = N/A
NData          = 2455

+2.092555E+03,+3.432175E-05

+7.048337E+02,+2.467640E-05

+2.092595E+03,+3.434369E-05

+6.568510E+02,+2.397638E-05
+6.918558E+02,+2.446689E-05
+7.528543E+02,+2.530433E-05

+2.092614E+03,+3.433605E-05

+6.088148E+02,+2.328035E-05
+6.439732E+02,+2.375065E-05
+6.913752E+02,+2.435623E-05
+7.393355E+02,+2.492278E-05
+7.999373E+02,+2.578337E-05

+2.092619E+03,+3.435107E-05

+5.617242E+02,+2.249869E-05
+5.962208E+02,+2.299814E-05
+6.435846E+02,+2.366887E-05
+6.915157E+02,+2.428656E-05
+7.394760E+02,+2.495651E-05
+7.873352E+02,+2.553598E-05
+8.479436E+02,+2.632713E-05

+2.092639E+03,+3.437536E-05

+5.137357E+02,+2.171165E-05
+5.483881E+02,+2.224775E-05
+5.957807E+02,+2.285383E-05
+6.437327E+02,+2.359824E-05
+6.916545E+02,+2.428380E-05
+7.395963E+02,+2.487829E-05
+7.874665E+02,+2.551345E-05
+8.353060E+02,+2.612214E-05
+8.959558E+02,+2.676996E-05

+2.092659E+03,+3.437726E-05

+4.658495E+02,+2.084876E-05
+5.006474E+02,+2.140641E-05
+5.480585E+02,+2.214524E-05
+5.959780E+02,+2.285630E-05
+6.439043E+02,+2.358474E-05
+6.917642E+02,+2.425029E-05
+7.396535E+02,+2.487284E-05
+7.874813E+02,+2.550712E-05
+8.353372E+02,+2.611628E-05
+8.832282E+02,+2.671494E-05
+9.440809E+02,+2.734871E-05

+2.092664E+03,+3.439645E-05

+4.176803E+02,+1.984965E-05
+4.529029E+02,+2.050206E-05
+5.002609E+02,+2.127681E-05
+5.481545E+02,+2.196842E-05
+5.961592E+02,+2.275054E-05
+6.439946E+02,+2.346111E-05
+6.918552E+02,+2.420469E-05
+7.397337E+02,+2.484225E-05
+7.875776E+02,+2.544760E-05
+8.353976E+02,+2.602483E-05
+8.831990E+02,+2.663292E-05
+9.311733E+02,+2.712687E-05
+9.910491E+02,+2.780921E-05

+2.092696E+03,+3.441949E-05

+3.705235E+02,+1.888153E-05
+4.050815E+02,+1.957377E-05
+4.524708E+02,+2.028830E-05
+5.003464E+02,+2.116603E-05
+5.482522E+02,+2.201423E-05
+5.961743E+02,+2.272037E-05
+6.441015E+02,+2.343607E-05
+6.919897E+02,+2.411965E-05
+7.398651E+02,+2.478242E-05
+7.876474E+02,+2.542314E-05
+8.354720E+02,+2.604229E-05
+8.833083E+02,+2.656751E-05
+9.311810E+02,+2.715183E-05
+9.789672E+02,+2.767234E-05
+1.039053E+03,+2.828935E-05

+2.092706E+03,+3.444728E-05

+3.225483E+02,+1.787529E-05
+3.573376E+02,+1.844702E-05
+4.046759E+02,+1.938692E-05
+4.526339E+02,+2.026008E-05
+5.005101E+02,+2.108070E-05
+5.483701E+02,+2.188690E-05
+5.963030E+02,+2.261417E-05
+6.442211E+02,+2.337227E-05
+6.920364E+02,+2.408298E-05
+7.398350E+02,+2.473991E-05
+7.876731E+02,+2.537801E-05
+8.354454E+02,+2.598016E-05
+8.833432E+02,+2.655442E-05
+9.312138E+02,+2.716200E-05
+9.790125E+02,+2.764197E-05
+1.026874E+03,+2.819988E-05
+1.087105E+03,+2.878428E-05

+2.092727E+03,+3.441454E-05

+2.745480E+02,+1.668361E-05
+3.095705E+02,+1.739220E-05
+3.569316E+02,+1.830182E-05
+4.047919E+02,+1.923676E-05
+4.527587E+02,+2.005936E-05
+5.006432E+02,+2.096586E-05
+5.484429E+02,+2.179836E-05
+5.963438E+02,+2.259651E-05
+6.441932E+02,+2.334168E-05
+6.920858E+02,+2.412564E-05
+7.399397E+02,+2.472660E-05
+7.877401E+02,+2.536598E-05
+8.356083E+02,+2.602270E-05
+8.834371E+02,+2.656852E-05
+9.312672E+02,+2.710035E-05
+9.790189E+02,+2.764057E-05
+1.026818E+03,+2.814336E-05
+1.074715E+03,+2.861322E-05
+1.135182E+03,+2.923356E-05

+2.092782E+03,+3.444870E-05

+2.265439E+02,+1.544467E-05
+2.617841E+02,+1.621172E-05
+3.091913E+02,+1.717460E-05
+3.570970E+02,+1.812113E-05
+4.049845E+02,+1.908867E-05
+4.529009E+02,+1.996912E-05
+5.007140E+02,+2.087774E-05
+5.485704E+02,+2.175680E-05
+5.964599E+02,+2.253135E-05
+6.443213E+02,+2.328447E-05
+6.921618E+02,+2.404436E-05
+7.399922E+02,+2.472999E-05
+7.877798E+02,+2.535123E-05
+8.355592E+02,+2.600651E-05
+8.834054E+02,+2.658700E-05
+9.312571E+02,+2.718311E-05
+9.790531E+02,+2.767808E-05
+1.026854E+03,+2.815431E-05
+1.074694E+03,+2.861925E-05
+1.122542E+03,+2.915309E-05
+1.182298E+03,+2.963668E-05

+2.092745E+03,+3.447472E-05

+1.795519E+02,+1.405127E-05
+2.140259E+02,+1.490042E-05
+2.613376E+02,+1.591537E-05
+3.092278E+02,+1.705987E-05
+3.571567E+02,+1.798969E-05
+4.050891E+02,+1.897367E-05
+4.529472E+02,+1.987538E-05
+5.008165E+02,+2.076337E-05
+5.486066E+02,+2.162986E-05
+5.964558E+02,+2.246800E-05
+6.443533E+02,+2.325984E-05
+6.921725E+02,+2.399087E-05
+7.400062E+02,+2.471907E-05
+7.878225E+02,+2.537162E-05
+8.356339E+02,+2.597252E-05
+8.834441E+02,+2.662265E-05
+9.313146E+02,+2.716133E-05
+9.791342E+02,+2.761252E-05
+1.026956E+03,+2.816319E-05
+1.074738E+03,+2.863986E-05
+1.122564E+03,+2.904685E-05
+1.170440E+03,+2.954404E-05
+1.230431E+03,+3.006057E-05

+2.092798E+03,+3.445921E-05

+1.315443E+02,+1.266844E-05
+1.663933E+02,+1.341637E-05
+2.136214E+02,+1.453940E-05
+2.615270E+02,+1.565052E-05
+3.094516E+02,+1.678135E-05
+3.572701E+02,+1.787422E-05
+4.051666E+02,+1.889564E-05
+4.530608E+02,+1.985318E-05
+5.008574E+02,+2.074758E-05
+5.487028E+02,+2.161758E-05
+5.965969E+02,+2.241823E-05
+6.443816E+02,+2.330440E-05
+6.922098E+02,+2.397577E-05
+7.400655E+02,+2.467607E-05
+7.878414E+02,+2.536530E-05
+8.356903E+02,+2.598380E-05
+8.835514E+02,+2.657047E-05
+9.313899E+02,+2.713746E-05
+9.791577E+02,+2.768876E-05
+1.026956E+03,+2.815447E-05
+1.074827E+03,+2.864195E-05
+1.122616E+03,+2.910390E-05
+1.170496E+03,+2.948931E-05
+1.218351E+03,+2.984894E-05
+1.278407E+03,+3.042258E-05

+2.092805E+03,+3.448435E-05

+8.343973E+01,+1.098113E-05
+1.186064E+02,+1.187586E-05
+1.657775E+02,+1.307739E-05
+2.136734E+02,+1.423672E-05
+2.616983E+02,+1.546349E-05
+3.095335E+02,+1.666527E-05
+3.573220E+02,+1.775207E-05
+4.051982E+02,+1.873349E-05
+4.530802E+02,+1.977418E-05
+5.008976E+02,+2.070510E-05
+5.487048E+02,+2.154069E-05
+5.966235E+02,+2.246583E-05
+6.444492E+02,+2.322681E-05
+6.922803E+02,+2.392730E-05
+7.401041E+02,+2.466469E-05
+7.879162E+02,+2.535276E-05
+8.357284E+02,+2.596128E-05
+8.836208E+02,+2.653819E-05
+9.313767E+02,+2.712496E-05
+9.791562E+02,+2.772954E-05
+1.026966E+03,+2.817607E-05
+1.074799E+03,+2.866847E-05
+1.122632E+03,+2.907487E-05
+1.170508E+03,+2.950767E-05
+1.218368E+03,+2.992946E-05
+1.266191E+03,+3.026098E-05
+1.326431E+03,+3.077729E-05

+2.092814E+03,+3.450866E-05

+3.536727E+01,+9.116182E-06
+7.057040E+01,+1.007642E-05
+1.180226E+02,+1.137638E-05
+1.659343E+02,+1.267115E-05
+2.138137E+02,+1.397097E-05
+2.616988E+02,+1.528538E-05
+3.095942E+02,+1.646996E-05
+3.574477E+02,+1.761216E-05
+4.053150E+02,+1.867128E-05
+4.531274E+02,+1.975042E-05
+5.009430E+02,+2.064988E-05
+5.487930E+02,+2.151912E-05
+5.966525E+02,+2.236224E-05
+6.444543E+02,+2.318326E-05
+6.923089E+02,+2.393284E-05
+7.401661E+02,+2.470356E-05
+7.879690E+02,+2.531019E-05
+8.357759E+02,+2.588484E-05
+8.835923E+02,+2.656653E-05
+9.314442E+02,+2.716715E-05
+9.792864E+02,+2.767025E-05
+1.027065E+03,+2.819197E-05
+1.074826E+03,+2.870318E-05
+1.122621E+03,+2.909690E-05
+1.170516E+03,+2.955587E-05
+1.218384E+03,+2.991874E-05
+1.266183E+03,+3.032627E-05
+1.313975E+03,+3.066762E-05
+1.373472E+03,+3.115232E-05

+2.092830E+03,+3.450886E-05

-1.155669E+01,+6.943145E-06
+2.246554E+01,+8.078881E-06
+7.029603E+01,+9.574755E-06
+1.181124E+02,+1.099488E-05
+1.661395E+02,+1.236368E-05
+2.139902E+02,+1.380020E-05
+2.617631E+02,+1.508356E-05
+3.096802E+02,+1.632529E-05
+3.575347E+02,+1.747436E-05
+4.053962E+02,+1.862419E-05
+4.532100E+02,+1.961359E-05
+5.009623E+02,+2.057925E-05
+5.488111E+02,+2.151149E-05
+5.966875E+02,+2.234690E-05
+6.445208E+02,+2.319882E-05
+6.923398E+02,+2.396185E-05
+7.401386E+02,+2.464278E-05
+7.879596E+02,+2.535805E-05
+8.357981E+02,+2.597245E-05
+8.836420E+02,+2.653982E-05
+9.314590E+02,+2.715515E-05
+9.792096E+02,+2.770026E-05
+1.027034E+03,+2.818599E-05
+1.074875E+03,+2.865705E-05
+1.122694E+03,+2.909404E-05
+1.170547E+03,+2.956993E-05
+1.218394E+03,+2.997211E-05
+1.266139E+03,+3.031578E-05
+1.313936E+03,+3.071742E-05
+1.361823E+03,+3.104763E-05
+1.421610E+03,+3.144528E-05

+2.092843E+03,+3.454156E-05

-5.956685E+01,+4.376682E-06
-2.504086E+01,+5.532802E-06
+2.222649E+01,+7.238193E-06
+7.039476E+01,+8.979263E-06
+1.182775E+02,+1.062471E-05
+1.662005E+02,+1.213664E-05
+2.140387E+02,+1.356579E-05
+2.618960E+02,+1.497036E-05
+3.097429E+02,+1.620917E-05
+3.575198E+02,+1.741287E-05
+4.054105E+02,+1.856483E-05
+4.532176E+02,+1.957048E-05
+5.010282E+02,+2.057891E-05
+5.488201E+02,+2.144952E-05
+5.967102E+02,+2.227966E-05
+6.445727E+02,+2.311224E-05
+6.923835E+02,+2.387800E-05
+7.402435E+02,+2.463068E-05
+7.880035E+02,+2.535420E-05
+8.358194E+02,+2.600180E-05
+8.836599E+02,+2.654548E-05
+9.315208E+02,+2.708629E-05
+9.792948E+02,+2.768731E-05
+1.027072E+03,+2.813409E-05
+1.074917E+03,+2.862699E-05
+1.122713E+03,+2.913170E-05
+1.170523E+03,+2.954735E-05
+1.218401E+03,+2.989687E-05
+1.266209E+03,+3.030480E-05
+1.313993E+03,+3.066021E-05
+1.361802E+03,+3.107240E-05
+1.409659E+03,+3.139167E-05
+1.469689E+03,+3.171944E-05

+2.092843E+03,+3.454585E-05

-1.076675E+02,+2.021177E-06
-7.279274E+01,+3.033257E-06
-2.579495E+01,+4.627968E-06
+2.257655E+01,+6.532140E-06
+7.045141E+01,+8.509143E-06
+1.184111E+02,+1.023792E-05
+1.662778E+02,+1.192554E-05
+2.140937E+02,+1.343462E-05
+2.619254E+02,+1.479309E-05
+3.097580E+02,+1.614561E-05
+3.575922E+02,+1.730447E-05
+4.055151E+02,+1.839696E-05
+4.532929E+02,+1.952639E-05
+5.010841E+02,+2.052821E-05
+5.489023E+02,+2.141507E-05
+5.967832E+02,+2.234746E-05
+6.445528E+02,+2.314601E-05
+6.924131E+02,+2.381958E-05
+7.402352E+02,+2.458569E-05
+7.880894E+02,+2.524029E-05
+8.358684E+02,+2.586374E-05
+8.836355E+02,+2.654725E-05
+9.314922E+02,+2.706921E-05
+9.792768E+02,+2.760962E-05
+1.027085E+03,+2.813609E-05
+1.074906E+03,+2.861641E-05
+1.122664E+03,+2.907459E-05
+1.170522E+03,+2.952991E-05
+1.218423E+03,+2.991142E-05
+1.266235E+03,+3.034747E-05
+1.314021E+03,+3.063711E-05
+1.361882E+03,+3.100787E-05
+1.409705E+03,+3.143318E-05
+1.457619E+03,+3.167952E-05
+1.517820E+03,+3.207207E-05

+2.092861E+03,+3.454542E-05

-1.557006E+02,-2.231806E-07
-1.206094E+02,+7.383749E-07
-7.323121E+01,+2.109319E-06
-2.561916E+01,+3.819122E-06
+2.277233E+01,+5.915495E-06
+7.052104E+01,+7.911122E-06
+1.184418E+02,+9.866637E-06
+1.663345E+02,+1.164835E-05
+2.141977E+02,+1.322135E-05
+2.619810E+02,+1.465405E-05
+3.098124E+02,+1.596833E-05
+3.576391E+02,+1.719162E-05
+4.054972E+02,+1.835407E-05
+4.533157E+02,+1.948625E-05
+5.011100E+02,+2.040540E-05
+5.489868E+02,+2.136168E-05
+5.967578E+02,+2.222528E-05
+6.446479E+02,+2.305050E-05
+6.924591E+02,+2.388892E-05
+7.402223E+02,+2.464417E-05
+7.880144E+02,+2.529583E-05
+8.358186E+02,+2.594261E-05
+8.836297E+02,+2.649240E-05
+9.315533E+02,+2.710584E-05
+9.793227E+02,+2.769364E-05
+1.027049E+03,+2.818641E-05
+1.074895E+03,+2.861629E-05
+1.122695E+03,+2.908953E-05
+1.170548E+03,+2.955940E-05
+1.218416E+03,+2.990190E-05
+1.266259E+03,+3.034049E-05
+1.314023E+03,+3.071113E-05
+1.361860E+03,+3.103575E-05
+1.409733E+03,+3.136139E-05
+1.457607E+03,+3.169163E-05
+1.505450E+03,+3.199341E-05
+1.564935E+03,+3.233426E-05

+2.092870E+03,+3.455419E-05

-2.028349E+02,-2.305791E-06
-1.683764E+02,-1.456700E-06
-1.210658E+02,-1.751446E-07
-7.314774E+01,+1.296350E-06
-2.543182E+01,+3.118771E-06
+2.283707E+01,+5.230156E-06
+7.062580E+01,+7.490217E-06
+1.184839E+02,+9.507526E-06
+1.663557E+02,+1.134248E-05
+2.142361E+02,+1.296569E-05
+2.620698E+02,+1.451497E-05
+3.098784E+02,+1.588086E-05
+3.577339E+02,+1.716674E-05
+4.055730E+02,+1.835483E-05
+4.533885E+02,+1.938333E-05
+5.011660E+02,+2.042586E-05
+5.489958E+02,+2.136714E-05
+5.968236E+02,+2.223763E-05
+6.446806E+02,+2.308650E-05
+6.925114E+02,+2.387076E-05
+7.403256E+02,+2.463107E-05
+7.880627E+02,+2.533746E-05
+8.358257E+02,+2.592339E-05
+8.836618E+02,+2.656262E-05
+9.315446E+02,+2.708514E-05
+9.793196E+02,+2.760286E-05
+1.027136E+03,+2.814225E-05
+1.074926E+03,+2.861185E-05
+1.122697E+03,+2.908069E-05
+1.170538E+03,+2.956289E-05
+1.218451E+03,+2.997041E-05
+1.266275E+03,+3.032965E-05
+1.314049E+03,+3.072010E-05
+1.361827E+03,+3.099441E-05
+1.409717E+03,+3.137033E-05
+1.457573E+03,+3.165512E-05
+1.505448E+03,+3.194642E-05
+1.553330E+03,+3.218847E-05
+1.613038E+03,+3.260923E-05

+2.092877E+03,+3.461769E-05

-2.507959E+02,-4.541887E-06
-2.161601E+02,-3.723425E-06
-1.688085E+02,-2.503972E-06
-1.208921E+02,-1.094666E-06
-7.300095E+01,+4.896487E-07
-2.518473E+01,+2.386147E-06
+2.291656E+01,+4.618246E-06
+7.070708E+01,+6.907931E-06
+1.185271E+02,+9.114545E-06
+1.664450E+02,+1.114507E-05
+2.143307E+02,+1.298979E-05
+2.621331E+02,+1.453275E-05
+3.099483E+02,+1.595868E-05
+3.577849E+02,+1.730143E-05
+4.055409E+02,+1.852751E-05
+4.533832E+02,+1.955510E-05
+5.012085E+02,+2.055701E-05
+5.490250E+02,+2.149057E-05
+5.968387E+02,+2.240814E-05
+6.446758E+02,+2.323576E-05
+6.925590E+02,+2.403760E-05
+7.403556E+02,+2.473505E-05
+7.881174E+02,+2.544966E-05
+8.358952E+02,+2.610198E-05
+8.837180E+02,+2.671741E-05
+9.315847E+02,+2.729437E-05
+9.793705E+02,+2.783219E-05
+1.027131E+03,+2.832331E-05
+1.074961E+03,+2.880475E-05
+1.122736E+03,+2.923924E-05
+1.170583E+03,+2.967571E-05
+1.218426E+03,+3.007959E-05
+1.266215E+03,+3.052781E-05
+1.314084E+03,+3.086623E-05
+1.361888E+03,+3.122574E-05
+1.409718E+03,+3.150034E-05
+1.457568E+03,+3.182523E-05
+1.505418E+03,+3.206005E-05
+1.553212E+03,+3.235662E-05
+1.601043E+03,+3.262480E-05
+1.661098E+03,+3.296748E-05

+2.092868E+03,+3.467109E-05

-2.987603E+02,-6.442469E-06
-2.639320E+02,-5.614909E-06
-2.165838E+02,-4.506019E-06
-1.686508E+02,-3.228393E-06
-1.206956E+02,-1.798302E-06
-7.308703E+01,-1.579046E-07
-2.486902E+01,+1.768894E-06
+2.294316E+01,+4.094958E-06
+7.074380E+01,+6.375901E-06
+1.186085E+02,+8.619351E-06
+1.664724E+02,+1.076443E-05
+2.143224E+02,+1.262149E-05
+2.621563E+02,+1.428849E-05
+3.099646E+02,+1.583786E-05
+3.577628E+02,+1.713817E-05
+4.056041E+02,+1.835762E-05
+4.534541E+02,+1.955036E-05
+5.012691E+02,+2.052911E-05
+5.490609E+02,+2.145667E-05
+5.968900E+02,+2.240381E-05
+6.446778E+02,+2.320815E-05
+6.925284E+02,+2.404054E-05
+7.403589E+02,+2.473927E-05
+7.881131E+02,+2.544108E-05
+8.359076E+02,+2.605277E-05
+8.837599E+02,+2.669569E-05
+9.316128E+02,+2.720882E-05
+9.793586E+02,+2.774863E-05
+1.027170E+03,+2.832659E-05
+1.075004E+03,+2.882609E-05
+1.122756E+03,+2.927397E-05
+1.170593E+03,+2.972304E-05
+1.218441E+03,+3.014335E-05
+1.266276E+03,+3.046431E-05
+1.314085E+03,+3.086950E-05
+1.361885E+03,+3.126026E-05
+1.409700E+03,+3.154896E-05
+1.457560E+03,+3.185724E-05
+1.505443E+03,+3.212544E-05
+1.553286E+03,+3.238600E-05
+1.601112E+03,+3.260922E-05
+1.648940E+03,+3.289403E-05
+1.709291E+03,+3.315393E-05

+2.092885E+03,+3.467478E-05

-3.468625E+02,-8.272118E-06
-3.116705E+02,-7.477988E-06
-2.644020E+02,-6.425992E-06
-2.165331E+02,-5.204220E-06
-1.686001E+02,-3.924864E-06
-1.206735E+02,-2.383854E-06
-7.309460E+01,-7.712034E-07
-2.466165E+01,+1.247841E-06
+2.300982E+01,+3.581855E-06
+7.079893E+01,+5.966654E-06
+1.186649E+02,+8.161551E-06
+1.665707E+02,+1.029195E-05
+2.144058E+02,+1.233443E-05
+2.622098E+02,+1.399256E-05
+3.100384E+02,+1.561505E-05
+3.577910E+02,+1.699427E-05
+4.056281E+02,+1.825923E-05
+4.534538E+02,+1.938075E-05
+5.012906E+02,+2.047930E-05
+5.491022E+02,+2.145697E-05
+5.969211E+02,+2.236020E-05
+6.447075E+02,+2.319375E-05
+6.925320E+02,+2.397640E-05
+7.403580E+02,+2.473846E-05
+7.881591E+02,+2.548697E-05
+8.359150E+02,+2.607494E-05
+8.837586E+02,+2.666903E-05
+9.315948E+02,+2.723333E-05
+9.794066E+02,+2.784206E-05
+1.027226E+03,+2.835586E-05
+1.075018E+03,+2.880357E-05
+1.122783E+03,+2.924710E-05
+1.170618E+03,+2.968288E-05
+1.218514E+03,+3.007244E-05
+1.266305E+03,+3.045009E-05
+1.314040E+03,+3.083125E-05
+1.361856E+03,+3.114506E-05
+1.409724E+03,+3.152290E-05
+1.457595E+03,+3.188054E-05
+1.505493E+03,+3.213351E-05
+1.553232E+03,+3.241928E-05
+1.601045E+03,+3.270902E-05
+1.648917E+03,+3.289991E-05
+1.696874E+03,+3.311829E-05
+1.756331E+03,+3.339360E-05

+2.092890E+03,+3.468815E-05

-3.939200E+02,-9.897267E-06
-3.594718E+02,-9.093861E-06
-3.121565E+02,-8.154006E-06
-2.642976E+02,-7.017801E-06
-2.163713E+02,-5.816768E-06
-1.684681E+02,-4.470133E-06
-1.205822E+02,-2.963417E-06
-7.297639E+01,-1.258536E-06
-2.469928E+01,+7.535553E-07
+2.300726E+01,+3.169088E-06
+7.083983E+01,+5.560229E-06
+1.187323E+02,+7.793367E-06
+1.666044E+02,+9.944734E-06
+2.144124E+02,+1.190560E-05
+2.621925E+02,+1.375632E-05
+3.100505E+02,+1.538303E-05
+3.578804E+02,+1.678579E-05
+4.057057E+02,+1.816152E-05
+4.535141E+02,+1.933737E-05
+5.012941E+02,+2.038832E-05
+5.490675E+02,+2.140781E-05
+5.968928E+02,+2.237381E-05
+6.447464E+02,+2.322470E-05
+6.925746E+02,+2.402307E-05
+7.403842E+02,+2.473186E-05
+7.881751E+02,+2.542626E-05
+8.360073E+02,+2.603350E-05
+8.837977E+02,+2.660775E-05
+9.316189E+02,+2.725688E-05
+9.794000E+02,+2.775988E-05
+1.027194E+03,+2.832300E-05
+1.075045E+03,+2.882214E-05
+1.122837E+03,+2.925801E-05
+1.170659E+03,+2.976144E-05
+1.218486E+03,+3.010979E-05
+1.266266E+03,+3.046180E-05
+1.314025E+03,+3.082850E-05
+1.361890E+03,+3.124530E-05
+1.409759E+03,+3.150021E-05
+1.457602E+03,+3.181670E-05
+1.505455E+03,+3.212282E-05
+1.553254E+03,+3.243708E-05
+1.601085E+03,+3.268708E-05
+1.648952E+03,+3.290247E-05
+1.696875E+03,+3.310084E-05
+1.744772E+03,+3.334257E-05
+1.804517E+03,+3.360461E-05

+2.092889E+03,+3.469186E-05

-4.419064E+02,-1.144979E-05
-4.072850E+02,-1.074776E-05
-3.599455E+02,-9.834804E-06
-3.119956E+02,-8.849462E-06
-2.641569E+02,-7.639237E-06
-2.163053E+02,-6.375809E-06
-1.684041E+02,-4.992077E-06
-1.204892E+02,-3.488133E-06
-7.281027E+01,-1.791857E-06
-2.460491E+01,+2.897834E-07
+2.312065E+01,+2.723809E-06
+7.091752E+01,+5.054968E-06
+1.187363E+02,+7.358331E-06
+1.666150E+02,+9.535506E-06
+2.144270E+02,+1.149202E-05
+2.622394E+02,+1.334338E-05
+3.100963E+02,+1.512764E-05
+3.578999E+02,+1.656924E-05
+4.057297E+02,+1.801315E-05
+4.535301E+02,+1.922434E-05
+5.013447E+02,+2.038178E-05
+5.490995E+02,+2.138395E-05
+5.969083E+02,+2.222113E-05
+6.447268E+02,+2.308027E-05
+6.926204E+02,+2.390426E-05
+7.404338E+02,+2.465733E-05
+7.882032E+02,+2.535070E-05
+8.359678E+02,+2.598684E-05
+8.837961E+02,+2.666111E-05
+9.316850E+02,+2.727706E-05
+9.794491E+02,+2.780207E-05
+1.027223E+03,+2.836808E-05
+1.075046E+03,+2.878055E-05
+1.122842E+03,+2.932874E-05
+1.170655E+03,+2.970931E-05
+1.218516E+03,+3.004256E-05
+1.266325E+03,+3.046731E-05
+1.314070E+03,+3.085079E-05
+1.361914E+03,+3.120068E-05
+1.409713E+03,+3.153653E-05
+1.457574E+03,+3.182109E-05
+1.505481E+03,+3.218308E-05
+1.553291E+03,+3.242587E-05
+1.601085E+03,+3.268911E-05
+1.648939E+03,+3.288805E-05
+1.696923E+03,+3.314337E-05
+1.744788E+03,+3.330177E-05
+1.792667E+03,+3.352168E-05
+1.852793E+03,+3.385638E-05

+2.092891E+03,+3.468271E-05

-4.900443E+02,-1.292980E-05
-4.551306E+02,-1.222074E-05
-4.077948E+02,-1.142242E-05
-3.598485E+02,-1.047361E-05
-3.118447E+02,-9.333041E-06
-2.640382E+02,-8.158737E-06
-2.162315E+02,-6.911669E-06
-1.683676E+02,-5.509553E-06
-1.204808E+02,-3.991876E-06
-7.271518E+01,-2.257119E-06
-2.460877E+01,-1.607639E-07
+2.310786E+01,+2.274098E-06
+7.089230E+01,+4.721315E-06
+1.187577E+02,+7.055770E-06
+1.666723E+02,+9.156000E-06
+2.144778E+02,+1.117173E-05
+2.622522E+02,+1.304204E-05
+3.100944E+02,+1.472110E-05
+3.579128E+02,+1.628116E-05
+4.057618E+02,+1.778838E-05
+4.536108E+02,+1.910567E-05
+5.013802E+02,+2.022696E-05
+5.491765E+02,+2.120719E-05
+5.969788E+02,+2.216868E-05
+6.447869E+02,+2.305484E-05
+6.926134E+02,+2.387994E-05
+7.404088E+02,+2.463114E-05
+7.882106E+02,+2.534698E-05
+8.359827E+02,+2.595205E-05
+8.837824E+02,+2.665261E-05
+9.316773E+02,+2.719795E-05
+9.794400E+02,+2.776904E-05
+1.027206E+03,+2.829330E-05
+1.075035E+03,+2.875308E-05
+1.122830E+03,+2.921468E-05
+1.170650E+03,+2.961999E-05
+1.218524E+03,+3.009817E-05
+1.266325E+03,+3.048898E-05
+1.314085E+03,+3.083915E-05
+1.361915E+03,+3.112669E-05
+1.409733E+03,+3.146662E-05
+1.457599E+03,+3.182103E-05
+1.505470E+03,+3.212582E-05
+1.553300E+03,+3.245651E-05
+1.601099E+03,+3.272611E-05
+1.648924E+03,+3.290197E-05
+1.696891E+03,+3.312234E-05
+1.744802E+03,+3.339115E-05
+1.792675E+03,+3.358296E-05
+1.840645E+03,+3.370646E-05
+1.900907E+03,+3.401608E-05

+2.092901E+03,+3.470662E-05

-5.380033E+02,-1.431348E-05
-5.029246E+02,-1.366495E-05
-4.555582E+02,-1.288571E-05
-4.076725E+02,-1.192079E-05
-3.597136E+02,-1.095672E-05
-3.117649E+02,-9.903143E-06
-2.639886E+02,-8.685812E-06
-2.161809E+02,-7.434250E-06
-1.683030E+02,-6.017196E-06
-1.205719E+02,-4.432835E-06
-7.254916E+01,-2.653300E-06
-2.455856E+01,-5.537231E-07
+2.315886E+01,+1.911636E-06
+7.094668E+01,+4.292837E-06
+1.187893E+02,+6.625763E-06
+1.666403E+02,+8.787382E-06
+2.145012E+02,+1.081696E-05
+2.623358E+02,+1.271739E-05
+3.101311E+02,+1.445163E-05
+3.579291E+02,+1.604561E-05
+4.057390E+02,+1.751980E-05
+4.536223E+02,+1.887968E-05
+5.013727E+02,+2.015172E-05
+5.491666E+02,+2.117642E-05
+5.969893E+02,+2.212731E-05
+6.447977E+02,+2.301541E-05
+6.926577E+02,+2.384192E-05
+7.404942E+02,+2.467359E-05
+7.881516E+02,+2.533041E-05
+8.359801E+02,+2.603555E-05
+8.838115E+02,+2.665378E-05
+9.316835E+02,+2.720556E-05
+9.794762E+02,+2.776044E-05
+1.027226E+03,+2.826585E-05
+1.075038E+03,+2.883787E-05
+1.122851E+03,+2.925256E-05
+1.170693E+03,+2.972132E-05
+1.218546E+03,+3.009765E-05
+1.266335E+03,+3.049416E-05
+1.314080E+03,+3.086648E-05
+1.361939E+03,+3.123968E-05
+1.409785E+03,+3.155136E-05
+1.457614E+03,+3.190815E-05
+1.505437E+03,+3.211709E-05
+1.553262E+03,+3.243801E-05
+1.601061E+03,+3.271533E-05
+1.648974E+03,+3.295778E-05
+1.696958E+03,+3.316650E-05
+1.744809E+03,+3.344425E-05
+1.792665E+03,+3.359789E-05
+1.840614E+03,+3.379656E-05
+1.888505E+03,+3.400214E-05
+1.947911E+03,+3.423680E-05

+2.092898E+03,+3.475033E-05

-5.849756E+02,-1.561983E-05
-5.506627E+02,-1.505064E-05
-5.034165E+02,-1.423469E-05
-4.554679E+02,-1.336538E-05
-4.075212E+02,-1.246920E-05
-3.596382E+02,-1.151027E-05
-3.117395E+02,-1.034304E-05
-2.638849E+02,-9.160523E-06
-2.160695E+02,-7.884998E-06
-1.682266E+02,-6.432499E-06
-1.206024E+02,-4.933372E-06
-7.227103E+01,-3.093110E-06
-2.455011E+01,-8.761279E-07
+2.317457E+01,+1.523022E-06
+7.099038E+01,+3.911220E-06
+1.188005E+02,+6.256598E-06
+1.666911E+02,+8.416562E-06
+2.145418E+02,+1.046376E-05
+2.622939E+02,+1.237579E-05
+3.101475E+02,+1.408110E-05
+3.579493E+02,+1.566968E-05
+4.057845E+02,+1.719886E-05
+4.536440E+02,+1.856366E-05
+5.014160E+02,+1.985777E-05
+5.491919E+02,+2.108663E-05
+5.970291E+02,+2.205452E-05
+6.448461E+02,+2.296230E-05
+6.926464E+02,+2.379692E-05
+7.404415E+02,+2.458345E-05
+7.882246E+02,+2.535139E-05
+8.360135E+02,+2.596548E-05
+8.838373E+02,+2.662015E-05
+9.317036E+02,+2.720037E-05
+9.794827E+02,+2.770772E-05
+1.027259E+03,+2.830602E-05
+1.075075E+03,+2.874456E-05
+1.122839E+03,+2.928710E-05
+1.170689E+03,+2.972202E-05
+1.218544E+03,+3.015588E-05
+1.266372E+03,+3.048568E-05
+1.314145E+03,+3.088644E-05
+1.361956E+03,+3.123342E-05
+1.409781E+03,+3.155072E-05
+1.457602E+03,+3.188046E-05
+1.505493E+03,+3.213866E-05
+1.553303E+03,+3.245153E-05
+1.601130E+03,+3.269427E-05
+1.649009E+03,+3.294981E-05
+1.696918E+03,+3.318838E-05
+1.744784E+03,+3.338257E-05
+1.792673E+03,+3.360665E-05
+1.840567E+03,+3.375305E-05
+1.888483E+03,+3.393948E-05
+1.936414E+03,+3.417340E-05
+1.996229E+03,+3.432074E-05

+2.092907E+03,+3.475163E-05

-6.331297E+02,-1.688910E-05
-5.984304E+02,-1.635561E-05
-5.511244E+02,-1.561590E-05
-5.032719E+02,-1.480684E-05
-4.553148E+02,-1.386047E-05
-4.074187E+02,-1.292548E-05
-3.595288E+02,-1.195355E-05
-3.116210E+02,-1.084239E-05
-2.638457E+02,-9.601566E-06
-2.160590E+02,-8.240851E-06
-1.681937E+02,-6.808215E-06
-1.206619E+02,-5.225471E-06
-7.219563E+01,-3.403757E-06
-2.449747E+01,-1.342576E-06
+2.322297E+01,+1.124518E-06
+7.100245E+01,+3.566563E-06
+1.188683E+02,+5.833923E-06
+1.667419E+02,+8.059374E-06
+2.145325E+02,+1.011554E-05
+2.623403E+02,+1.202053E-05
+3.101534E+02,+1.370838E-05
+3.579591E+02,+1.539755E-05
+4.057983E+02,+1.695567E-05
+4.536283E+02,+1.831715E-05
+5.014125E+02,+1.974469E-05
+5.492349E+02,+2.086695E-05
+5.970778E+02,+2.193010E-05
+6.448846E+02,+2.290658E-05
+6.926922E+02,+2.377246E-05
+7.404968E+02,+2.455615E-05
+7.882870E+02,+2.530512E-05
+8.360804E+02,+2.595879E-05
+8.838674E+02,+2.655765E-05
+9.317081E+02,+2.726291E-05
+9.794782E+02,+2.779423E-05
+1.027267E+03,+2.827900E-05
+1.075122E+03,+2.879128E-05
+1.122871E+03,+2.933279E-05
+1.170712E+03,+2.968193E-05
+1.218573E+03,+3.013067E-05
+1.266369E+03,+3.054902E-05
+1.314144E+03,+3.090430E-05
+1.361995E+03,+3.123068E-05
+1.409787E+03,+3.156998E-05
+1.457666E+03,+3.190112E-05
+1.505489E+03,+3.212638E-05
+1.553267E+03,+3.242127E-05
+1.601132E+03,+3.273122E-05
+1.648998E+03,+3.300123E-05
+1.696954E+03,+3.319509E-05
+1.744791E+03,+3.343714E-05
+1.792686E+03,+3.359524E-05
+1.840646E+03,+3.378286E-05
+1.888542E+03,+3.399015E-05
+1.936420E+03,+3.416722E-05
+1.984414E+03,+3.429236E-05
+2.044358E+03,+3.453082E-05

+2.092911E+03,+3.477696E-05

-6.812180E+02,-1.809002E-05
-6.463026E+02,-1.757314E-05
-5.988940E+02,-1.686739E-05
-5.510325E+02,-1.608238E-05
-5.031598E+02,-1.524124E-05
-4.552517E+02,-1.435197E-05
-4.073529E+02,-1.336212E-05
-3.594830E+02,-1.240107E-05
-3.115347E+02,-1.125136E-05
-2.638209E+02,-9.994822E-06
-2.159767E+02,-8.699740E-06
-1.681370E+02,-7.280422E-06
-1.205761E+02,-5.719126E-06
-7.217736E+01,-3.850733E-06
-2.445396E+01,-1.633564E-06
+2.321724E+01,+8.089281E-07
+7.103291E+01,+3.236676E-06
+1.189018E+02,+5.544291E-06
+1.667810E+02,+7.713982E-06
+2.146006E+02,+9.800166E-06
+2.623640E+02,+1.169456E-05
+3.101797E+02,+1.348045E-05
+3.579806E+02,+1.511802E-05
+4.058544E+02,+1.664992E-05
+4.536711E+02,+1.809813E-05
+5.014143E+02,+1.943442E-05
+5.492081E+02,+2.065405E-05
+5.970435E+02,+2.176051E-05
+6.448864E+02,+2.279185E-05
+6.926999E+02,+2.365816E-05
+7.404940E+02,+2.447833E-05
+7.882874E+02,+2.526963E-05
+8.360712E+02,+2.594429E-05
+8.838895E+02,+2.658900E-05
+9.317190E+02,+2.720767E-05
+9.794654E+02,+2.770119E-05
+1.027247E+03,+2.824767E-05
+1.075090E+03,+2.879948E-05
+1.122853E+03,+2.926461E-05
+1.170667E+03,+2.971608E-05
+1.218547E+03,+3.013864E-05
+1.266358E+03,+3.054461E-05
+1.314111E+03,+3.085815E-05
+1.361943E+03,+3.123444E-05
+1.409810E+03,+3.157274E-05
+1.457675E+03,+3.194225E-05
+1.505502E+03,+3.222986E-05
+1.553314E+03,+3.245863E-05
+1.601107E+03,+3.272588E-05
+1.648982E+03,+3.297256E-05
+1.696913E+03,+3.320071E-05
+1.744824E+03,+3.340426E-05
+1.792668E+03,+3.361985E-05
+1.840612E+03,+3.382537E-05
+1.888514E+03,+3.398619E-05
+1.936414E+03,+3.413484E-05
+1.984338E+03,+3.436760E-05
+2.032284E+03,+3.449593E-05
+2.092495E+03,+3.462938E-05

+2.092912E+03,+3.479125E-05

-7.291966E+02,-1.918592E-05
-6.941592E+02,-1.875252E-05
-6.468116E+02,-1.808596E-05
-5.988264E+02,-1.727794E-05
-5.509668E+02,-1.650992E-05
-5.030766E+02,-1.566311E-05
-4.551181E+02,-1.479595E-05
-4.072636E+02,-1.381733E-05
-3.593795E+02,-1.271856E-05
-3.115153E+02,-1.159464E-05
-2.637812E+02,-1.040423E-05
-2.159713E+02,-9.030844E-06
-1.680775E+02,-7.610781E-06
-1.204719E+02,-6.014539E-06
-7.220132E+01,-4.158014E-06
-2.446837E+01,-1.958581E-06
+2.327168E+01,+5.718822E-07
+7.108228E+01,+2.918802E-06
+1.189147E+02,+5.197387E-06
+1.667983E+02,+7.447082E-06
+2.146304E+02,+9.452670E-06
+2.623601E+02,+1.137777E-05
+3.101874E+02,+1.317100E-05
+3.580113E+02,+1.481651E-05
+4.058887E+02,+1.634462E-05
+4.537249E+02,+1.783442E-05
+5.014703E+02,+1.918444E-05
+5.491969E+02,+2.041995E-05
+5.970710E+02,+2.161422E-05
+6.448966E+02,+2.265809E-05
+6.927181E+02,+2.357028E-05
+7.405486E+02,+2.449176E-05
+7.883133E+02,+2.526519E-05
+8.360685E+02,+2.591995E-05
+8.838585E+02,+2.651073E-05
+9.317147E+02,+2.719879E-05
+9.794971E+02,+2.774073E-05
+1.027333E+03,+2.832118E-05
+1.075113E+03,+2.880955E-05
+1.122879E+03,+2.926902E-05
+1.170722E+03,+2.966929E-05
+1.218588E+03,+3.018441E-05
+1.266353E+03,+3.053972E-05
+1.314116E+03,+3.086455E-05
+1.361991E+03,+3.121584E-05
+1.409797E+03,+3.156851E-05
+1.457652E+03,+3.191642E-05
+1.505581E+03,+3.220550E-05
+1.553365E+03,+3.243344E-05
+1.601183E+03,+3.277527E-05
+1.648971E+03,+3.296725E-05
+1.696906E+03,+3.317158E-05
+1.744810E+03,+3.344025E-05
+1.792687E+03,+3.362673E-05
+1.840616E+03,+3.388168E-05
+1.888515E+03,+3.403811E-05
+1.936428E+03,+3.416373E-05
+1.984383E+03,+3.430784E-05
+2.032347E+03,+3.447076E-05
+2.092490E+03,+3.464693E-05

+2.092919E+03,+3.478924E-05

-7.762723E+02,-2.025536E-05
-7.418813E+02,-1.980322E-05
-6.945681E+02,-1.916959E-05
-6.466553E+02,-1.848093E-05
-5.986639E+02,-1.772201E-05
-5.508136E+02,-1.690437E-05
-5.030087E+02,-1.606149E-05
-4.551146E+02,-1.519456E-05
-4.072598E+02,-1.414534E-05
-3.593529E+02,-1.310645E-05
-3.114630E+02,-1.201548E-05
-2.636992E+02,-1.082958E-05
-2.159089E+02,-9.453127E-06
-1.680815E+02,-8.000717E-06
-1.204158E+02,-6.361042E-06
-7.217796E+01,-4.476566E-06
-2.441304E+01,-2.362554E-06
+2.330406E+01,+1.162601E-07
+7.110178E+01,+2.542276E-06
+1.189464E+02,+4.944820E-06
+1.668088E+02,+7.143432E-06
+2.146051E+02,+9.185364E-06
+2.623611E+02,+1.113405E-05
+3.102440E+02,+1.285412E-05
+3.580445E+02,+1.451432E-05
+4.058852E+02,+1.602120E-05
+4.537527E+02,+1.754318E-05
+5.014939E+02,+1.892993E-05
+5.492620E+02,+2.021124E-05
+5.971020E+02,+2.128857E-05
+6.449025E+02,+2.239836E-05
+6.926913E+02,+2.350647E-05
+7.404890E+02,+2.434720E-05
+7.882682E+02,+2.510580E-05
+8.360593E+02,+2.589234E-05
+8.839118E+02,+2.658879E-05
+9.317822E+02,+2.715978E-05
+9.795259E+02,+2.777714E-05
+1.027332E+03,+2.829841E-05
+1.075125E+03,+2.888426E-05
+1.122921E+03,+2.925499E-05
+1.170719E+03,+2.970923E-05
+1.218561E+03,+3.013451E-05
+1.266342E+03,+3.062862E-05
+1.314114E+03,+3.093053E-05
+1.361965E+03,+3.124958E-05
+1.409806E+03,+3.156480E-05
+1.457654E+03,+3.194879E-05
+1.505521E+03,+3.213124E-05
+1.553305E+03,+3.244720E-05
+1.601147E+03,+3.277987E-05
+1.649015E+03,+3.302274E-05
+1.696950E+03,+3.321868E-05
+1.744839E+03,+3.348621E-05
+1.792743E+03,+3.364518E-05
+1.840603E+03,+3.388122E-05
+1.888490E+03,+3.403794E-05
+1.936442E+03,+3.425010E-05
+1.984476E+03,+3.437163E-05
+2.044370E+03,+3.455521E-05

+2.092918E+03,+3.482120E-05

-8.242750E+02,-2.125122E-05
-7.896958E+02,-2.079614E-05
-7.424315E+02,-2.023036E-05
-6.944548E+02,-1.955426E-05
-6.464941E+02,-1.884128E-05
-5.985733E+02,-1.805842E-05
-5.507165E+02,-1.730165E-05
-5.029001E+02,-1.645620E-05
-4.550238E+02,-1.550856E-05
-4.071827E+02,-1.461049E-05
-3.593487E+02,-1.345012E-05
-3.114747E+02,-1.237946E-05
-2.636860E+02,-1.117951E-05
-2.159061E+02,-9.828769E-06
-1.680519E+02,-8.319504E-06
-1.203020E+02,-6.689772E-06
-7.214538E+01,-4.884484E-06
-2.440664E+01,-2.645267E-06
+2.332229E+01,-2.086693E-07
+7.111848E+01,+2.220722E-06
+1.189672E+02,+4.605306E-06
+1.668219E+02,+6.818267E-06
+2.146550E+02,+8.907383E-06
+2.624756E+02,+1.082905E-05
+3.102647E+02,+1.262087E-05
+3.580070E+02,+1.420680E-05
+4.058721E+02,+1.577571E-05
+4.537423E+02,+1.723008E-05
+5.014770E+02,+1.867578E-05
+5.492721E+02,+1.987787E-05
+5.971412E+02,+2.108208E-05
+6.449640E+02,+2.215007E-05
+6.927596E+02,+2.326092E-05
+7.405656E+02,+2.419626E-05
+7.883410E+02,+2.505995E-05
+8.361363E+02,+2.584317E-05
+8.839569E+02,+2.656183E-05
+9.317855E+02,+2.714307E-05
+9.795099E+02,+2.775493E-05
+1.027282E+03,+2.829840E-05
+1.075105E+03,+2.876707E-05
+1.122902E+03,+2.923619E-05
+1.170749E+03,+2.973774E-05
+1.218603E+03,+3.016648E-05
+1.266392E+03,+3.054513E-05
+1.314224E+03,+3.090718E-05
+1.362017E+03,+3.120789E-05
+1.409840E+03,+3.160123E-05
+1.457635E+03,+3.192185E-05
+1.505539E+03,+3.214215E-05
+1.553362E+03,+3.249451E-05
+1.601160E+03,+3.282183E-05
+1.649041E+03,+3.301127E-05
+1.696984E+03,+3.321482E-05
+1.744837E+03,+3.346349E-05
+1.792772E+03,+3.366662E-05
+1.840687E+03,+3.385804E-05
+1.888552E+03,+3.398386E-05
+1.936483E+03,+3.419091E-05
+1.996250E+03,+3.445602E-05

+2.092924E+03,+3.483980E-05

-8.723678E+02,-2.218838E-05
-8.374565E+02,-2.176183E-05
-7.901465E+02,-2.124310E-05
-7.422556E+02,-2.058550E-05
-6.943253E+02,-1.987946E-05
-6.464189E+02,-1.922819E-05
-5.985136E+02,-1.849864E-05
-5.506489E+02,-1.772717E-05
-5.028299E+02,-1.685569E-05
-4.549866E+02,-1.593433E-05
-4.071207E+02,-1.493544E-05
-3.592905E+02,-1.389825E-05
-3.114094E+02,-1.270292E-05
-2.636235E+02,-1.147110E-05
-2.158177E+02,-1.017334E-05
-1.681401E+02,-8.655510E-06
-1.201409E+02,-6.975307E-06
-7.213954E+01,-5.130692E-06
-2.439193E+01,-2.961686E-06
+2.336756E+01,-4.894591E-07
+7.115665E+01,+1.938520E-06
+1.190300E+02,+4.284113E-06
+1.668739E+02,+6.452928E-06
+2.146422E+02,+8.582202E-06
+2.624252E+02,+1.049623E-05
+3.102207E+02,+1.229016E-05
+3.580703E+02,+1.394639E-05
+4.059381E+02,+1.550036E-05
+4.537678E+02,+1.702100E-05
+5.015679E+02,+1.835212E-05
+5.493057E+02,+1.964414E-05
+5.971043E+02,+2.086451E-05
+6.449380E+02,+2.195743E-05
+6.927955E+02,+2.301468E-05
+7.405797E+02,+2.400722E-05
+7.883578E+02,+2.489996E-05
+8.361121E+02,+2.578302E-05
+8.839144E+02,+2.652281E-05
+9.317570E+02,+2.717226E-05
+9.795069E+02,+2.773208E-05
+1.027346E+03,+2.826755E-05
+1.075136E+03,+2.882956E-05
+1.122936E+03,+2.924727E-05
+1.170778E+03,+2.968933E-05
+1.218632E+03,+3.017665E-05
+1.266398E+03,+3.055810E-05
+1.314182E+03,+3.087263E-05
+1.362022E+03,+3.127659E-05
+1.409822E+03,+3.163160E-05
+1.457707E+03,+3.188894E-05
+1.505551E+03,+3.219302E-05
+1.553339E+03,+3.245608E-05
+1.601151E+03,+3.271499E-05
+1.649004E+03,+3.296980E-05
+1.696931E+03,+3.319322E-05
+1.744826E+03,+3.347356E-05
+1.792706E+03,+3.365790E-05
+1.840664E+03,+3.387840E-05
+1.888562E+03,+3.400601E-05
+1.947941E+03,+3.429412E-05

+2.092927E+03,+3.479427E-05

-9.203776E+02,-2.308602E-05
-8.852510E+02,-2.272084E-05
-8.379200E+02,-2.216582E-05
-7.900908E+02,-2.155267E-05
-7.421298E+02,-2.091129E-05
-6.942421E+02,-2.030186E-05
-6.463203E+02,-1.957963E-05
-5.983821E+02,-1.881296E-05
-5.505771E+02,-1.799240E-05
-5.028174E+02,-1.720730E-05
-4.549645E+02,-1.623814E-05
-4.071190E+02,-1.528486E-05
-3.592549E+02,-1.419851E-05
-3.113619E+02,-1.301881E-05
-2.635986E+02,-1.177042E-05
-2.158307E+02,-1.043580E-05
-1.682438E+02,-8.967544E-06
-1.199749E+02,-7.301707E-06
-7.211474E+01,-5.460761E-06
-2.431165E+01,-3.295204E-06
+2.338290E+01,-8.345856E-07
+7.117579E+01,+1.643994E-06
+1.190053E+02,+3.974506E-06
+1.668627E+02,+6.233120E-06
+2.147204E+02,+8.289707E-06
+2.624861E+02,+1.021258E-05
+3.103148E+02,+1.203616E-05
+3.580688E+02,+1.374863E-05
+4.058941E+02,+1.526031E-05
+4.537669E+02,+1.675213E-05
+5.015704E+02,+1.812546E-05
+5.493185E+02,+1.935014E-05
+5.971602E+02,+2.055639E-05
+6.449935E+02,+2.173818E-05
+6.927834E+02,+2.283656E-05
+7.405825E+02,+2.379382E-05
+7.883612E+02,+2.477068E-05
+8.361538E+02,+2.557686E-05
+8.839697E+02,+2.640729E-05
+9.318167E+02,+2.706532E-05
+9.795650E+02,+2.766401E-05
+1.027350E+03,+2.826568E-05
+1.075150E+03,+2.870772E-05
+1.122829E+03,+2.924128E-05
+1.170749E+03,+2.964059E-05
+1.218675E+03,+3.015873E-05
+1.266412E+03,+3.052871E-05
+1.314160E+03,+3.089056E-05
+1.361998E+03,+3.125359E-05
+1.409797E+03,+3.156686E-05
+1.457669E+03,+3.191111E-05
+1.505535E+03,+3.222437E-05
+1.553365E+03,+3.246043E-05
+1.601161E+03,+3.276125E-05
+1.649003E+03,+3.300383E-05
+1.696952E+03,+3.322973E-05
+1.744827E+03,+3.341210E-05
+1.792745E+03,+3.368631E-05
+1.840713E+03,+3.382699E-05
+1.900973E+03,+3.407255E-05

+2.092928E+03,+3.484591E-05

-9.674915E+02,-2.393214E-05
-9.330391E+02,-2.360970E-05
-8.857384E+02,-2.305233E-05
-8.378463E+02,-2.253138E-05
-7.899629E+02,-2.191247E-05
-7.420879E+02,-2.131565E-05
-6.941616E+02,-2.061372E-05
-6.462549E+02,-1.985665E-05
-5.983179E+02,-1.917459E-05
-5.505542E+02,-1.832412E-05
-5.028008E+02,-1.746071E-05
-4.548897E+02,-1.656882E-05
-4.070506E+02,-1.556728E-05
-3.592409E+02,-1.452005E-05
-3.113717E+02,-1.332978E-05
-2.635969E+02,-1.209153E-05
-2.157772E+02,-1.074592E-05
-1.683024E+02,-9.258248E-06
-1.198534E+02,-7.569260E-06
-7.209161E+01,-5.704273E-06
-2.434050E+01,-3.574886E-06
+2.340208E+01,-1.065007E-06
+7.118718E+01,+1.436113E-06
+1.190248E+02,+3.704655E-06
+1.668563E+02,+5.898371E-06
+2.146978E+02,+8.046560E-06
+2.624807E+02,+9.939342E-06
+3.103038E+02,+1.172365E-05
+3.580851E+02,+1.340360E-05
+4.059069E+02,+1.497567E-05
+4.537761E+02,+1.644255E-05
+5.015730E+02,+1.782186E-05
+5.492931E+02,+1.911116E-05
+5.971419E+02,+2.035444E-05
+6.449650E+02,+2.153081E-05
+6.927895E+02,+2.257705E-05
+7.405883E+02,+2.363625E-05
+7.883852E+02,+2.462165E-05
+8.361089E+02,+2.545942E-05
+8.838951E+02,+2.619915E-05
+9.317864E+02,+2.699779E-05
+9.795701E+02,+2.764034E-05
+1.027325E+03,+2.821529E-05
+1.075135E+03,+2.873648E-05
+1.122909E+03,+2.923732E-05
+1.170749E+03,+2.966006E-05
+1.218591E+03,+3.004249E-05
+1.266426E+03,+3.048127E-05
+1.314163E+03,+3.089904E-05
+1.361950E+03,+3.122973E-05
+1.409789E+03,+3.155532E-05
+1.457712E+03,+3.188175E-05
+1.505567E+03,+3.215750E-05
+1.553386E+03,+3.243806E-05
+1.601179E+03,+3.265392E-05
+1.649041E+03,+3.294679E-05
+1.696993E+03,+3.323018E-05
+1.744818E+03,+3.342619E-05
+1.792744E+03,+3.363683E-05
+1.852837E+03,+3.390460E-05

+2.092941E+03,+3.479404E-05

-1.015506E+03,-2.473404E-05
-9.808479E+02,-2.438465E-05
-9.335133E+02,-2.386073E-05
-8.856312E+02,-2.334415E-05
-8.377229E+02,-2.273983E-05
-7.898420E+02,-2.221059E-05
-7.419553E+02,-2.155634E-05
-6.940850E+02,-2.088814E-05
-6.462145E+02,-2.013973E-05
-5.983296E+02,-1.945677E-05
-5.505277E+02,-1.860282E-05
-5.027739E+02,-1.774364E-05
-4.548476E+02,-1.682743E-05
-4.070328E+02,-1.581589E-05
-3.591912E+02,-1.476975E-05
-3.113530E+02,-1.361906E-05
-2.635876E+02,-1.235868E-05
-2.157586E+02,-1.092609E-05
-1.682655E+02,-9.563365E-06
-1.198440E+02,-7.790496E-06
-7.212223E+01,-5.945952E-06
-2.434947E+01,-3.793821E-06
+2.340630E+01,-1.260536E-06
+7.115854E+01,+1.145750E-06
+1.190612E+02,+3.493588E-06
+1.669592E+02,+5.703226E-06
+2.147518E+02,+7.723878E-06
+2.625332E+02,+9.692186E-06
+3.103326E+02,+1.146134E-05
+3.580813E+02,+1.311743E-05
+4.059476E+02,+1.469176E-05
+4.538409E+02,+1.617718E-05
+5.016002E+02,+1.758762E-05
+5.493464E+02,+1.888476E-05
+5.971429E+02,+2.008184E-05
+6.449743E+02,+2.123700E-05
+6.928166E+02,+2.235143E-05
+7.406072E+02,+2.341720E-05
+7.883580E+02,+2.437605E-05
+8.361782E+02,+2.529654E-05
+8.839585E+02,+2.609089E-05
+9.317749E+02,+2.686836E-05
+9.795330E+02,+2.756723E-05
+1.027344E+03,+2.815267E-05
+1.075184E+03,+2.870284E-05
+1.122979E+03,+2.917791E-05
+1.170763E+03,+2.961979E-05
+1.218628E+03,+3.010018E-05
+1.266432E+03,+3.046812E-05
+1.314230E+03,+3.081435E-05
+1.362037E+03,+3.124765E-05
+1.409861E+03,+3.153121E-05
+1.457705E+03,+3.189780E-05
+1.505599E+03,+3.213156E-05
+1.553369E+03,+3.247740E-05
+1.601153E+03,+3.271060E-05
+1.649013E+03,+3.300106E-05
+1.696975E+03,+3.320298E-05
+1.744897E+03,+3.343404E-05
+1.804591E+03,+3.368065E-05

+2.092942E+03,+3.481544E-05

-1.063528E+03,-2.546453E-05
-1.028659E+03,-2.516198E-05
-9.813519E+02,-2.468226E-05
-9.333773E+02,-2.421102E-05
-8.854815E+02,-2.366320E-05
-8.376303E+02,-2.305285E-05
-7.898042E+02,-2.246609E-05
-7.419485E+02,-2.185722E-05
-6.940595E+02,-2.118529E-05
-6.461694E+02,-2.044866E-05
-5.982561E+02,-1.969776E-05
-5.504301E+02,-1.881883E-05
-5.026731E+02,-1.804574E-05
-4.548015E+02,-1.712222E-05
-4.069966E+02,-1.610089E-05
-3.591353E+02,-1.500012E-05
-3.112278E+02,-1.389981E-05
-2.635217E+02,-1.260236E-05
-2.157311E+02,-1.124933E-05
-1.681891E+02,-9.789604E-06
-1.198684E+02,-8.105073E-06
-7.211016E+01,-6.257657E-06
-2.431773E+01,-4.060689E-06
+2.341899E+01,-1.568870E-06
+7.121506E+01,+8.442867E-07
+1.190887E+02,+3.221378E-06
+1.669393E+02,+5.452659E-06
+2.146838E+02,+7.532556E-06
+2.625133E+02,+9.456436E-06
+3.103893E+02,+1.123042E-05
+3.581114E+02,+1.296214E-05
+4.059339E+02,+1.448522E-05
+4.538257E+02,+1.595074E-05
+5.015842E+02,+1.733054E-05
+5.493645E+02,+1.865513E-05
+5.971895E+02,+1.989588E-05
+6.449925E+02,+2.107878E-05
+6.927988E+02,+2.220685E-05
+7.405531E+02,+2.327167E-05
+7.883584E+02,+2.420643E-05
+8.361661E+02,+2.511107E-05
+8.839675E+02,+2.591600E-05
+9.318169E+02,+2.671103E-05
+9.795932E+02,+2.745772E-05
+1.027361E+03,+2.810115E-05
+1.075193E+03,+2.865656E-05
+1.122939E+03,+2.917478E-05
+1.170747E+03,+2.968216E-05
+1.218608E+03,+3.003090E-05
+1.266423E+03,+3.050391E-05
+1.314171E+03,+3.083108E-05
+1.362010E+03,+3.120453E-05
+1.409815E+03,+3.157477E-05
+1.457716E+03,+3.183323E-05
+1.505594E+03,+3.214525E-05
+1.553386E+03,+3.244602E-05
+1.601194E+03,+3.268746E-05
+1.649036E+03,+3.300441E-05
+1.697010E+03,+3.323147E-05
+1.756411E+03,+3.348483E-05

+2.092943E+03,+3.485574E-05

-1.111566E+03,-2.616776E-05
-1.076416E+03,-2.590801E-05
-1.029145E+03,-2.543971E-05
-9.812568E+02,-2.500072E-05
-9.332586E+02,-2.445816E-05
-8.853838E+02,-2.394898E-05
-8.375357E+02,-2.336176E-05
-7.896898E+02,-2.275941E-05
-7.418447E+02,-2.215488E-05
-6.939929E+02,-2.142745E-05
-6.461269E+02,-2.071996E-05
-5.982021E+02,-1.994745E-05
-5.504061E+02,-1.920224E-05
-5.026841E+02,-1.828335E-05
-4.548040E+02,-1.735886E-05
-4.069274E+02,-1.635177E-05
-3.591027E+02,-1.524617E-05
-3.112754E+02,-1.415472E-05
-2.635582E+02,-1.287613E-05
-2.157146E+02,-1.150763E-05
-1.681134E+02,-9.997557E-06
-1.198377E+02,-8.372138E-06
-7.209129E+01,-6.465972E-06
-2.432029E+01,-4.269776E-06
+2.344272E+01,-1.777625E-06
+7.126554E+01,+6.406092E-07
+1.190733E+02,+3.014279E-06
+1.669208E+02,+5.174429E-06
+2.147440E+02,+7.252377E-06
+2.624935E+02,+9.214069E-06
+3.103342E+02,+1.100597E-05
+3.581215E+02,+1.273371E-05
+4.059701E+02,+1.432009E-05
+4.538294E+02,+1.578229E-05
+5.016118E+02,+1.715654E-05
+5.494112E+02,+1.852356E-05
+5.971723E+02,+1.969895E-05
+6.449788E+02,+2.088392E-05
+6.928045E+02,+2.200804E-05
+7.406146E+02,+2.297484E-05
+7.883858E+02,+2.397463E-05
+8.361902E+02,+2.489689E-05
+8.839870E+02,+2.578346E-05
+9.317935E+02,+2.659505E-05
+9.795828E+02,+2.731145E-05
+1.027364E+03,+2.800261E-05
+1.075207E+03,+2.859499E-05
+1.122978E+03,+2.917899E-05
+1.170794E+03,+2.957350E-05
+1.218623E+03,+3.004031E-05
+1.266431E+03,+3.054628E-05
+1.314188E+03,+3.088766E-05
+1.361994E+03,+3.119637E-05
+1.409835E+03,+3.156623E-05
+1.457710E+03,+3.189558E-05
+1.505550E+03,+3.214361E-05
+1.553367E+03,+3.242810E-05
+1.601174E+03,+3.271397E-05
+1.649075E+03,+3.298346E-05
+1.709418E+03,+3.323531E-05

+2.092950E+03,+3.486633E-05

-1.158654E+03,-2.686712E-05
-1.124221E+03,-2.664450E-05
-1.076953E+03,-2.617986E-05
-1.029078E+03,-2.574750E-05
-9.811314E+02,-2.526156E-05
-9.332289E+02,-2.471394E-05
-8.853715E+02,-2.420275E-05
-8.374511E+02,-2.358922E-05
-7.896313E+02,-2.291780E-05
-7.418130E+02,-2.236237E-05
-6.939699E+02,-2.165452E-05
-6.460822E+02,-2.097164E-05
-5.981650E+02,-2.022847E-05
-5.503355E+02,-1.940808E-05
-5.026441E+02,-1.853186E-05
-4.548206E+02,-1.765311E-05
-4.069795E+02,-1.659634E-05
-3.590839E+02,-1.548224E-05
-3.112540E+02,-1.437813E-05
-2.635135E+02,-1.310114E-05
-2.157043E+02,-1.175286E-05
-1.680750E+02,-1.026426E-05
-1.198323E+02,-8.571666E-06
-7.204516E+01,-6.674552E-06
-2.425781E+01,-4.444549E-06
+2.350229E+01,-2.018386E-06
+7.129049E+01,+3.971200E-07
+1.191139E+02,+2.798735E-06
+1.669448E+02,+5.013045E-06
+2.147319E+02,+7.081635E-06
+2.625501E+02,+8.956390E-06
+3.103963E+02,+1.081261E-05
+3.581922E+02,+1.249581E-05
+4.060083E+02,+1.408755E-05
+4.538318E+02,+1.558564E-05
+5.015814E+02,+1.695211E-05
+5.493645E+02,+1.832111E-05
+5.971595E+02,+1.949296E-05
+6.450050E+02,+2.066730E-05
+6.928282E+02,+2.182737E-05
+7.405653E+02,+2.284566E-05
+7.883954E+02,+2.379462E-05
+8.361858E+02,+2.472183E-05
+8.840088E+02,+2.562509E-05
+9.318592E+02,+2.642597E-05
+9.796026E+02,+2.715782E-05
+1.027375E+03,+2.784450E-05
+1.075186E+03,+2.850923E-05
+1.122940E+03,+2.908648E-05
+1.170734E+03,+2.961718E-05
+1.218601E+03,+3.003251E-05
+1.266415E+03,+3.046375E-05
+1.314180E+03,+3.086184E-05
+1.362026E+03,+3.121590E-05
+1.409837E+03,+3.154216E-05
+1.457665E+03,+3.188962E-05
+1.505581E+03,+3.219341E-05
+1.553396E+03,+3.252049E-05
+1.601172E+03,+3.273749E-05
+1.661184E+03,+3.309541E-05

+2.092951E+03,+3.484649E-05

-1.206747E+03,-2.750499E-05
-1.172028E+03,-2.723141E-05
-1.124789E+03,-2.685773E-05
-1.076854E+03,-2.642075E-05
-1.028974E+03,-2.594965E-05
-9.810784E+02,-2.549520E-05
-9.331449E+02,-2.500401E-05
-8.852652E+02,-2.440532E-05
-8.374191E+02,-2.385634E-05
-7.896130E+02,-2.319926E-05
-7.417732E+02,-2.255677E-05
-6.939523E+02,-2.194521E-05
-6.460725E+02,-2.118865E-05
-5.981258E+02,-2.041885E-05
-5.503314E+02,-1.965013E-05
-5.025586E+02,-1.878031E-05
-4.547355E+02,-1.782486E-05
-4.069323E+02,-1.682969E-05
-3.590880E+02,-1.575008E-05
-3.112199E+02,-1.457984E-05
-2.634628E+02,-1.337769E-05
-2.156906E+02,-1.197541E-05
-1.680222E+02,-1.046750E-05
-1.198039E+02,-8.808136E-06
-7.198958E+01,-6.880597E-06
-2.424563E+01,-4.670532E-06
+2.348419E+01,-2.219322E-06
+7.127225E+01,+2.643958E-07
+1.191200E+02,+2.582927E-06
+1.670250E+02,+4.787437E-06
+2.147874E+02,+6.948605E-06
+2.625565E+02,+8.865433E-06
+3.103934E+02,+1.066598E-05
+3.581733E+02,+1.235641E-05
+4.059923E+02,+1.394931E-05
+4.538174E+02,+1.536923E-05
+5.016302E+02,+1.678863E-05
+5.494236E+02,+1.809644E-05
+5.972144E+02,+1.933523E-05
+6.450322E+02,+2.052713E-05
+6.928470E+02,+2.163067E-05
+7.406164E+02,+2.265281E-05
+7.883890E+02,+2.369615E-05
+8.361751E+02,+2.461430E-05
+8.839797E+02,+2.550895E-05
+9.318191E+02,+2.628294E-05
+9.796387E+02,+2.702301E-05
+1.027368E+03,+2.772709E-05
+1.075165E+03,+2.838938E-05
+1.122995E+03,+2.898837E-05
+1.170813E+03,+2.958767E-05
+1.218629E+03,+3.005222E-05
+1.266413E+03,+3.049852E-05
+1.314183E+03,+3.087498E-05
+1.362056E+03,+3.124131E-05
+1.409882E+03,+3.154565E-05
+1.457685E+03,+3.189834E-05
+1.505579E+03,+3.221423E-05
+1.553440E+03,+3.242937E-05
+1.613123E+03,+3.284197E-05

+2.092959E+03,+3.487642E-05

-1.254858E+03,-2.809954E-05
-1.219851E+03,-2.785330E-05
-1.172583E+03,-2.742501E-05
-1.124657E+03,-2.698623E-05
-1.076698E+03,-2.662046E-05
-1.028847E+03,-2.614349E-05
-9.809656E+02,-2.567086E-05
-9.330575E+02,-2.517091E-05
-8.852428E+02,-2.461779E-05
-8.374091E+02,-2.401068E-05
-7.895612E+02,-2.344086E-05
-7.417402E+02,-2.274571E-05
-6.939203E+02,-2.210240E-05
-6.460386E+02,-2.141304E-05
-5.981147E+02,-2.061096E-05
-5.502506E+02,-1.977602E-05
-5.025500E+02,-1.889763E-05
-4.547174E+02,-1.802714E-05
-4.068887E+02,-1.702805E-05
-3.590691E+02,-1.596629E-05
-3.112194E+02,-1.476658E-05
-2.634758E+02,-1.350577E-05
-2.157065E+02,-1.214352E-05
-1.679296E+02,-1.058323E-05
-1.198085E+02,-8.927254E-06
-7.202608E+01,-7.115370E-06
-2.425845E+01,-4.885653E-06
+2.352012E+01,-2.368531E-06
+7.134165E+01,+5.136600E-08
+1.191191E+02,+2.460894E-06
+1.669435E+02,+4.665678E-06
+2.147654E+02,+6.647209E-06
+2.625316E+02,+8.604934E-06
+3.103419E+02,+1.040411E-05
+3.581415E+02,+1.212468E-05
+4.060246E+02,+1.368503E-05
+4.538976E+02,+1.519617E-05
+5.016307E+02,+1.662750E-05
+5.494010E+02,+1.793382E-05
+5.972183E+02,+1.917668E-05
+6.449980E+02,+2.039115E-05
+6.928244E+02,+2.144133E-05
+7.406261E+02,+2.248377E-05
+7.884526E+02,+2.347534E-05
+8.362075E+02,+2.437571E-05
+8.840029E+02,+2.532931E-05
+9.318365E+02,+2.611756E-05
+9.795991E+02,+2.689067E-05
+1.027376E+03,+2.759905E-05
+1.075187E+03,+2.828302E-05
+1.122931E+03,+2.888837E-05
+1.170792E+03,+2.946673E-05
+1.218682E+03,+2.999791E-05
+1.266428E+03,+3.042045E-05
+1.314214E+03,+3.084603E-05
+1.362087E+03,+3.125212E-05
+1.409900E+03,+3.151226E-05
+1.457724E+03,+3.192924E-05
+1.505587E+03,+3.223617E-05
+1.565044E+03,+3.257431E-05

+2.092959E+03,+3.490712E-05

-1.302826E+03,-2.871326E-05
-1.267767E+03,-2.845995E-05
-1.220362E+03,-2.804044E-05
-1.172461E+03,-2.768366E-05
-1.124563E+03,-2.727969E-05
-1.076609E+03,-2.686430E-05
-1.028774E+03,-2.639992E-05
-9.809039E+02,-2.588512E-05
-9.329847E+02,-2.537067E-05
-8.851871E+02,-2.480429E-05
-8.373600E+02,-2.424157E-05
-7.895388E+02,-2.363656E-05
-7.417034E+02,-2.302887E-05
-6.938869E+02,-2.229196E-05
-6.459635E+02,-2.155894E-05
-5.980421E+02,-2.082655E-05
-5.502742E+02,-2.003625E-05
-5.025165E+02,-1.915239E-05
-4.547097E+02,-1.822164E-05
-4.068666E+02,-1.718187E-05
-3.590100E+02,-1.610004E-05
-3.111940E+02,-1.492680E-05
-2.634116E+02,-1.366770E-05
-2.157424E+02,-1.231581E-05
-1.678364E+02,-1.086254E-05
-1.197613E+02,-9.139738E-06
-7.200749E+01,-7.297468E-06
-2.424114E+01,-5.048206E-06
+2.353227E+01,-2.570048E-06
+7.137264E+01,-6.715129E-08
+1.191713E+02,+2.325315E-06
+1.669819E+02,+4.472406E-06
+2.148063E+02,+6.568978E-06
+2.625586E+02,+8.495988E-06
+3.104180E+02,+1.021683E-05
+3.582246E+02,+1.196026E-05
+4.060451E+02,+1.350877E-05
+4.538865E+02,+1.502520E-05
+5.016464E+02,+1.645913E-05
+5.493958E+02,+1.774270E-05
+5.972471E+02,+1.898970E-05
+6.450800E+02,+2.022397E-05
+6.928742E+02,+2.135462E-05
+7.406464E+02,+2.236186E-05
+7.884070E+02,+2.333149E-05
+8.361592E+02,+2.434408E-05
+8.839627E+02,+2.517905E-05
+9.317938E+02,+2.597818E-05
+9.795876E+02,+2.678030E-05
+1.027414E+03,+2.747553E-05
+1.075159E+03,+2.812171E-05
+1.122975E+03,+2.878118E-05
+1.170830E+03,+2.944835E-05
+1.218688E+03,+2.993903E-05
+1.266457E+03,+3.041805E-05
+1.314238E+03,+3.084005E-05
+1.362024E+03,+3.120875E-05
+1.409832E+03,+3.155685E-05
+1.457753E+03,+3.184771E-05
+1.517932E+03,+3.231688E-05

+2.092963E+03,+3.490821E-05

-1.349862E+03,-2.913638E-05
-1.315491E+03,-2.895088E-05
-1.268268E+03,-2.853007E-05
-1.220265E+03,-2.822967E-05
-1.172299E+03,-2.784209E-05
-1.124427E+03,-2.741665E-05
-1.076537E+03,-2.698532E-05
-1.028696E+03,-2.656836E-05
-9.808244E+02,-2.602760E-05
-9.329624E+02,-2.550269E-05
-8.851387E+02,-2.497880E-05
-8.372790E+02,-2.439147E-05
-7.894639E+02,-2.382921E-05
-7.416663E+02,-2.315814E-05
-6.938481E+02,-2.247441E-05
-6.459605E+02,-2.177507E-05
-5.980521E+02,-2.098728E-05
-5.502592E+02,-2.018955E-05
-5.024769E+02,-1.930827E-05
-4.546645E+02,-1.833594E-05
-4.068436E+02,-1.728036E-05
-3.590006E+02,-1.625319E-05
-3.111676E+02,-1.511551E-05
-2.634005E+02,-1.380471E-05
-2.158172E+02,-1.246239E-05
-1.677761E+02,-1.094479E-05
-1.197827E+02,-9.269222E-06
-7.197591E+01,-7.326347E-06
-2.420633E+01,-5.155537E-06
+2.354984E+01,-2.698740E-06
+7.130218E+01,-2.601078E-07
+1.191589E+02,+2.102157E-06
+1.670472E+02,+4.286642E-06
+2.148308E+02,+6.387547E-06
+2.626406E+02,+8.343478E-06
+3.104424E+02,+1.017251E-05
+3.581759E+02,+1.180575E-05
+4.060045E+02,+1.334863E-05
+4.538504E+02,+1.488118E-05
+5.016336E+02,+1.632122E-05
+5.494390E+02,+1.760350E-05
+5.972709E+02,+1.884646E-05
+6.450504E+02,+2.004508E-05
+6.928336E+02,+2.113807E-05
+7.406781E+02,+2.229407E-05
+7.884532E+02,+2.327952E-05
+8.362029E+02,+2.418572E-05
+8.840253E+02,+2.505660E-05
+9.318485E+02,+2.585628E-05
+9.795703E+02,+2.665706E-05
+1.027336E+03,+2.737205E-05
+1.075186E+03,+2.807307E-05
+1.123003E+03,+2.870628E-05
+1.170796E+03,+2.931475E-05
+1.218658E+03,+2.987756E-05
+1.266460E+03,+3.036721E-05
+1.314236E+03,+3.084678E-05
+1.362032E+03,+3.122993E-05
+1.409863E+03,+3.160985E-05
+1.469796E+03,+3.203580E-05

+2.092966E+03,+3.491560E-05

-1.397945E+03,-2.966704E-05
-1.363258E+03,-2.942713E-05
-1.316039E+03,-2.916820E-05
-1.268153E+03,-2.878145E-05
-1.220096E+03,-2.840476E-05
-1.172216E+03,-2.797398E-05
-1.124364E+03,-2.759594E-05
-1.076472E+03,-2.711082E-05
-1.028614E+03,-2.667310E-05
-9.807691E+02,-2.622182E-05
-9.329056E+02,-2.571561E-05
-8.851101E+02,-2.518051E-05
-8.372826E+02,-2.457048E-05
-7.894617E+02,-2.398416E-05
-7.416284E+02,-2.332663E-05
-6.938178E+02,-2.266205E-05
-6.459393E+02,-2.194703E-05
-5.980288E+02,-2.116038E-05
-5.502267E+02,-2.031049E-05
-5.024681E+02,-1.943941E-05
-4.546427E+02,-1.854064E-05
-4.068193E+02,-1.751871E-05
-3.589674E+02,-1.643443E-05
-3.111428E+02,-1.524886E-05
-2.634033E+02,-1.395854E-05
-2.158751E+02,-1.261989E-05
-1.675835E+02,-1.111625E-05
-1.197857E+02,-9.414596E-06
-7.199979E+01,-7.503837E-06
-2.421614E+01,-5.348707E-06
+2.353290E+01,-2.791778E-06
+7.134902E+01,-3.491934E-07
+1.191771E+02,+1.939151E-06
+1.670254E+02,+4.118240E-06
+2.148480E+02,+6.242815E-06
+2.626211E+02,+8.208379E-06
+3.104371E+02,+9.940812E-06
+3.581948E+02,+1.165795E-05
+4.060102E+02,+1.320922E-05
+4.538990E+02,+1.473734E-05
+5.016698E+02,+1.616318E-05
+5.494295E+02,+1.749995E-05
+5.972362E+02,+1.879620E-05
+6.450235E+02,+1.994590E-05
+6.927733E+02,+2.105456E-05
+7.406890E+02,+2.209525E-05
+7.884656E+02,+2.301588E-05
+8.361856E+02,+2.399953E-05
+8.839825E+02,+2.496200E-05
+9.318079E+02,+2.583705E-05
+9.796030E+02,+2.651607E-05
+1.027389E+03,+2.730548E-05
+1.075198E+03,+2.798879E-05
+1.122973E+03,+2.861844E-05
+1.170825E+03,+2.922173E-05
+1.218672E+03,+2.980853E-05
+1.266479E+03,+3.027074E-05
+1.314267E+03,+3.079283E-05
+1.362108E+03,+3.124318E-05
+1.421697E+03,+3.174942E-05

+2.092980E+03,+3.494747E-05

-1.446093E+03,-3.010603E-05
-1.411092E+03,-2.988507E-05
-1.363781E+03,-2.960806E-05
-1.315938E+03,-2.922876E-05
-1.268047E+03,-2.889884E-05
-1.220060E+03,-2.852772E-05
-1.172164E+03,-2.815273E-05
-1.124307E+03,-2.769466E-05
-1.076435E+03,-2.727361E-05
-1.028588E+03,-2.676948E-05
-9.807327E+02,-2.634170E-05
-9.328423E+02,-2.579748E-05
-8.850567E+02,-2.528887E-05
-8.372364E+02,-2.468013E-05
-7.894243E+02,-2.411220E-05
-7.416417E+02,-2.343066E-05
-6.937900E+02,-2.272121E-05
-6.458636E+02,-2.207250E-05
-5.980176E+02,-2.129525E-05
-5.502649E+02,-2.049399E-05
-5.024693E+02,-1.958892E-05
-4.546217E+02,-1.870524E-05
-4.068171E+02,-1.761842E-05
-3.589451E+02,-1.657642E-05
-3.111327E+02,-1.540115E-05
-2.634158E+02,-1.412056E-05
-2.159343E+02,-1.277216E-05
-1.675272E+02,-1.121013E-05
-1.197849E+02,-9.520493E-06
-7.196866E+01,-7.681152E-06
-2.420751E+01,-5.465326E-06
+2.355207E+01,-2.923039E-06
+7.133122E+01,-5.118439E-07
+1.191603E+02,+1.832506E-06
+1.670293E+02,+4.021505E-06
+2.148943E+02,+6.075559E-06
+2.626674E+02,+8.001768E-06
+3.104333E+02,+9.851625E-06
+3.581833E+02,+1.148392E-05
+4.060565E+02,+1.310261E-05
+4.539111E+02,+1.460794E-05
+5.016551E+02,+1.601420E-05
+5.494406E+02,+1.734477E-05
+5.972519E+02,+1.864700E-05
+6.450459E+02,+1.975006E-05
+6.928776E+02,+2.091609E-05
+7.406945E+02,+2.195215E-05
+7.884255E+02,+2.301075E-05
+8.361822E+02,+2.394806E-05
+8.840220E+02,+2.485599E-05
+9.318650E+02,+2.569601E-05
+9.796422E+02,+2.645508E-05
+1.027384E+03,+2.713698E-05
+1.075190E+03,+2.786696E-05
+1.122994E+03,+2.846493E-05
+1.170825E+03,+2.908108E-05
+1.218631E+03,+2.968610E-05
+1.266428E+03,+3.019744E-05
+1.314279E+03,+3.071625E-05
+1.373587E+03,+3.131162E-05

+2.092974E+03,+3.492645E-05

-1.494044E+03,-3.056901E-05
-1.458891E+03,-3.037286E-05
-1.411591E+03,-3.009362E-05
-1.363677E+03,-2.971979E-05
-1.315816E+03,-2.942098E-05
-1.267967E+03,-2.905290E-05
-1.219966E+03,-2.865951E-05
-1.172079E+03,-2.830361E-05
-1.124251E+03,-2.787918E-05
-1.076388E+03,-2.743362E-05
-1.028551E+03,-2.695864E-05
-9.807139E+02,-2.651355E-05
-9.328575E+02,-2.598925E-05
-8.850349E+02,-2.545391E-05
-8.371718E+02,-2.487174E-05
-7.893751E+02,-2.420961E-05
-7.416146E+02,-2.361240E-05
-6.938178E+02,-2.294696E-05
-6.458929E+02,-2.221277E-05
-5.979790E+02,-2.144043E-05
-5.501821E+02,-2.062620E-05
-5.024347E+02,-1.976941E-05
-4.546093E+02,-1.878677E-05
-4.067644E+02,-1.781643E-05
-3.589463E+02,-1.666845E-05
-3.111448E+02,-1.551466E-05
-2.634012E+02,-1.424604E-05
-2.159642E+02,-1.291847E-05
-1.674739E+02,-1.139228E-05
-1.197688E+02,-9.687344E-06
-7.195815E+01,-7.762617E-06
-2.418208E+01,-5.623617E-06
+2.358389E+01,-3.112684E-06
+7.141484E+01,-6.607227E-07
+1.191988E+02,+1.693265E-06
+1.670367E+02,+3.923430E-06
+2.148420E+02,+6.020714E-06
+2.626212E+02,+7.941611E-06
+3.104233E+02,+9.763218E-06
+3.582133E+02,+1.148485E-05
+4.060775E+02,+1.299869E-05
+4.539002E+02,+1.449752E-05
+5.016402E+02,+1.593755E-05
+5.494973E+02,+1.720688E-05
+5.972416E+02,+1.847817E-05
+6.450632E+02,+1.974353E-05
+6.928505E+02,+2.083589E-05
+7.406236E+02,+2.185791E-05
+7.884008E+02,+2.286655E-05
+8.362123E+02,+2.384515E-05
+8.840224E+02,+2.466055E-05
+9.318774E+02,+2.553287E-05
+9.796278E+02,+2.628665E-05
+1.027382E+03,+2.705847E-05
+1.075202E+03,+2.777072E-05
+1.122976E+03,+2.851519E-05
+1.170832E+03,+2.904364E-05
+1.218692E+03,+2.963177E-05
+1.266496E+03,+3.013423E-05
+1.326514E+03,+3.081646E-05

+2.092978E+03,+3.494008E-05

-1.541062E+03,-3.097857E-05
-1.506689E+03,-3.077709E-05
-1.459450E+03,-3.047310E-05
-1.411524E+03,-3.019259E-05
-1.363613E+03,-2.988906E-05
-1.315780E+03,-2.957514E-05
-1.267882E+03,-2.918941E-05
-1.219898E+03,-2.886569E-05
-1.172049E+03,-2.845281E-05
-1.124216E+03,-2.802201E-05
-1.076341E+03,-2.757336E-05
-1.028538E+03,-2.711249E-05
-9.807126E+02,-2.665565E-05
-9.328353E+02,-2.615719E-05
-8.849842E+02,-2.553622E-05
-8.371799E+02,-2.494335E-05
-7.893824E+02,-2.431528E-05
-7.415948E+02,-2.371208E-05
-6.937885E+02,-2.303722E-05
-6.458713E+02,-2.233450E-05
-5.979743E+02,-2.154231E-05
-5.502040E+02,-2.070463E-05
-5.023958E+02,-1.990538E-05
-4.545374E+02,-1.889364E-05
-4.067612E+02,-1.791276E-05
-3.589113E+02,-1.684504E-05
-3.110890E+02,-1.562046E-05
-2.633489E+02,-1.440217E-05
-2.158798E+02,-1.304212E-05
-1.674523E+02,-1.154003E-05
-1.197279E+02,-9.795829E-06
-7.192357E+01,-7.908177E-06
-2.417825E+01,-5.734498E-06
+2.359803E+01,-3.145161E-06
+7.140271E+01,-7.850437E-07
+1.192345E+02,+1.553662E-06
+1.670730E+02,+3.767582E-06
+2.148804E+02,+5.854537E-06
+2.626974E+02,+7.831690E-06
+3.104561E+02,+9.682342E-06
+3.582002E+02,+1.132842E-05
+4.060416E+02,+1.291978E-05
+4.538967E+02,+1.441734E-05
+5.017014E+02,+1.576905E-05
+5.494380E+02,+1.710322E-05
+5.972864E+02,+1.835584E-05
+6.450652E+02,+1.954356E-05
+6.929038E+02,+2.075793E-05
+7.407028E+02,+2.181520E-05
+7.884519E+02,+2.281556E-05
+8.362208E+02,+2.374002E-05
+8.839979E+02,+2.459989E-05
+9.318380E+02,+2.545136E-05
+9.796260E+02,+2.623727E-05
+1.027417E+03,+2.701972E-05
+1.075242E+03,+2.767381E-05
+1.123030E+03,+2.834430E-05
+1.170852E+03,+2.893014E-05
+1.218715E+03,+2.952229E-05
+1.278480E+03,+3.020394E-05

+2.092985E+03,+3.492764E-05

-1.589102E+03,-3.127979E-05
-1.554448E+03,-3.115713E-05
-1.507226E+03,-3.085304E-05
-1.459322E+03,-3.056363E-05
-1.411371E+03,-3.024550E-05
-1.363489E+03,-2.997589E-05
-1.315645E+03,-2.960513E-05
-1.267838E+03,-2.922088E-05
-1.219889E+03,-2.889701E-05
-1.172014E+03,-2.850814E-05
-1.124225E+03,-2.808964E-05
-1.076309E+03,-2.768160E-05
-1.028464E+03,-2.725470E-05
-9.806459E+02,-2.672167E-05
-9.327446E+02,-2.620741E-05
-8.849823E+02,-2.561788E-05
-8.371537E+02,-2.505469E-05
-7.893861E+02,-2.444873E-05
-7.415820E+02,-2.383208E-05
-6.937375E+02,-2.315295E-05
-6.458627E+02,-2.240630E-05
-5.979747E+02,-2.165521E-05
-5.501727E+02,-2.084906E-05
-5.024123E+02,-1.996638E-05
-4.545680E+02,-1.900520E-05
-4.067439E+02,-1.808042E-05
-3.589217E+02,-1.696480E-05
-3.110750E+02,-1.573880E-05
-2.633057E+02,-1.448266E-05
-2.158441E+02,-1.305915E-05
-1.674883E+02,-1.161512E-05
-1.197661E+02,-9.955983E-06
-7.192280E+01,-8.065363E-06
-2.412981E+01,-5.830046E-06
+2.361733E+01,-3.330964E-06
+7.141037E+01,-8.481851E-07
+1.192030E+02,+1.553223E-06
+1.670447E+02,+3.704260E-06
+2.148724E+02,+5.769887E-06
+2.626307E+02,+7.789845E-06
+3.104645E+02,+9.524675E-06
+3.582900E+02,+1.127110E-05
+4.060869E+02,+1.278535E-05
+4.539346E+02,+1.427886E-05
+5.016982E+02,+1.567570E-05
+5.494543E+02,+1.708158E-05
+5.972874E+02,+1.834609E-05
+6.450556E+02,+1.950627E-05
+6.928813E+02,+2.065505E-05
+7.406498E+02,+2.169493E-05
+7.884387E+02,+2.267616E-05
+8.362753E+02,+2.362882E-05
+8.840313E+02,+2.457543E-05
+9.318339E+02,+2.534888E-05
+9.796413E+02,+2.613188E-05
+1.027410E+03,+2.692003E-05
+1.075220E+03,+2.755146E-05
+1.122993E+03,+2.823680E-05
+1.170846E+03,+2.882397E-05
+1.230501E+03,+2.960125E-05

+2.093002E+03,+3.496447E-05

-1.637137E+03,-3.166731E-05
-1.602255E+03,-3.153666E-05
-1.554995E+03,-3.127724E-05
-1.507140E+03,-3.099113E-05
-1.459254E+03,-3.073022E-05
-1.411328E+03,-3.044008E-05
-1.363398E+03,-3.011167E-05
-1.315539E+03,-2.979320E-05
-1.267744E+03,-2.941683E-05
-1.219847E+03,-2.902606E-05
-1.171968E+03,-2.860862E-05
-1.124117E+03,-2.824230E-05
-1.076253E+03,-2.785995E-05
-1.028457E+03,-2.731552E-05
-9.806469E+02,-2.685004E-05
-9.327719E+02,-2.637913E-05
-8.849503E+02,-2.581196E-05
-8.371071E+02,-2.521163E-05
-7.893526E+02,-2.462836E-05
-7.415813E+02,-2.396941E-05
-6.937225E+02,-2.328635E-05
-6.458208E+02,-2.258220E-05
-5.979642E+02,-2.179424E-05
-5.501522E+02,-2.093925E-05
-5.023846E+02,-2.007246E-05
-4.545617E+02,-1.910923E-05
-4.067500E+02,-1.813660E-05
-3.589007E+02,-1.699342E-05
-3.110668E+02,-1.585680E-05
-2.633386E+02,-1.458830E-05
-2.158505E+02,-1.317153E-05
-1.675110E+02,-1.170329E-05
-1.197579E+02,-1.008018E-05
-7.191547E+01,-8.156314E-06
-2.411038E+01,-5.943389E-06
+2.363250E+01,-3.409616E-06
+7.141515E+01,-9.450495E-07
+1.192030E+02,+1.382561E-06
+1.670339E+02,+3.598358E-06
+2.148444E+02,+5.720924E-06
+2.626215E+02,+7.664548E-06
+3.104438E+02,+9.439705E-06
+3.582466E+02,+1.112169E-05
+4.060821E+02,+1.271290E-05
+4.538954E+02,+1.419014E-05
+5.016696E+02,+1.557990E-05
+5.494422E+02,+1.696842E-05
+5.972811E+02,+1.820399E-05
+6.450543E+02,+1.940316E-05
+6.928840E+02,+2.054226E-05
+7.406718E+02,+2.157358E-05
+7.884422E+02,+2.260162E-05
+8.362572E+02,+2.358866E-05
+8.840732E+02,+2.443990E-05
+9.319053E+02,+2.529706E-05
+9.796885E+02,+2.615109E-05
+1.027435E+03,+2.684610E-05
+1.075196E+03,+2.755382E-05
+1.122987E+03,+2.818203E-05
+1.182429E+03,+2.908456E-05

+2.093001E+03,+3.497983E-05

-1.685099E+03,-3.204000E-05
-1.649996E+03,-3.185990E-05
-1.602737E+03,-3.158842E-05
-1.554863E+03,-3.129723E-05
-1.506982E+03,-3.107337E-05
-1.459105E+03,-3.080346E-05
-1.411224E+03,-3.054197E-05
-1.363380E+03,-3.015774E-05
-1.315550E+03,-2.985204E-05
-1.267704E+03,-2.946070E-05
-1.219747E+03,-2.908112E-05
-1.171916E+03,-2.875026E-05
-1.124085E+03,-2.832272E-05
-1.076270E+03,-2.788665E-05
-1.028447E+03,-2.743846E-05
-9.805758E+02,-2.690979E-05
-9.327299E+02,-2.639327E-05
-8.849473E+02,-2.586672E-05
-8.371263E+02,-2.529222E-05
-7.893082E+02,-2.464655E-05
-7.414834E+02,-2.405484E-05
-6.936391E+02,-2.333755E-05
-6.457939E+02,-2.261625E-05
-5.979562E+02,-2.188955E-05
-5.501565E+02,-2.103341E-05
-5.023737E+02,-2.015750E-05
-4.545107E+02,-1.918875E-05
-4.067356E+02,-1.820319E-05
-3.588905E+02,-1.710894E-05
-3.110708E+02,-1.592977E-05
-2.633145E+02,-1.466038E-05
-2.157519E+02,-1.328830E-05
-1.674890E+02,-1.177700E-05
-1.197308E+02,-1.014863E-05
-7.193044E+01,-8.200260E-06
-2.410560E+01,-6.014081E-06
+2.362101E+01,-3.502859E-06
+7.140204E+01,-1.038631E-06
+1.192147E+02,+1.362019E-06
+1.670903E+02,+3.561278E-06
+2.148835E+02,+5.645886E-06
+2.626364E+02,+7.579073E-06
+3.104650E+02,+9.376893E-06
+3.582546E+02,+1.102589E-05
+4.061103E+02,+1.254692E-05
+4.539712E+02,+1.408150E-05
+5.017390E+02,+1.553061E-05
+5.495072E+02,+1.682194E-05
+5.973563E+02,+1.809861E-05
+6.451104E+02,+1.935126E-05
+6.928952E+02,+2.042839E-05
+7.406769E+02,+2.147898E-05
+7.884441E+02,+2.251405E-05
+8.362041E+02,+2.344528E-05
+8.840021E+02,+2.429660E-05
+9.318439E+02,+2.525492E-05
+9.795938E+02,+2.601752E-05
+1.027392E+03,+2.673758E-05
+1.075219E+03,+2.750145E-05
+1.135336E+03,+2.836391E-05

+2.092989E+03,+3.498894E-05

-1.732254E+03,-3.231593E-05
-1.697785E+03,-3.219259E-05
-1.650563E+03,-3.196891E-05
-1.602693E+03,-3.177228E-05
-1.554775E+03,-3.144675E-05
-1.506896E+03,-3.122569E-05
-1.459046E+03,-3.094990E-05
-1.411177E+03,-3.057493E-05
-1.363309E+03,-3.028715E-05
-1.315497E+03,-2.995105E-05
-1.267710E+03,-2.957345E-05
-1.219730E+03,-2.918310E-05
-1.171867E+03,-2.886486E-05
-1.124075E+03,-2.843362E-05
-1.076208E+03,-2.799192E-05
-1.028386E+03,-2.752494E-05
-9.805783E+02,-2.707628E-05
-9.327332E+02,-2.653142E-05
-8.849096E+02,-2.596700E-05
-8.370831E+02,-2.540116E-05
-7.892769E+02,-2.481373E-05
-7.414980E+02,-2.417859E-05
-6.936763E+02,-2.346238E-05
-6.457696E+02,-2.276238E-05
-5.978590E+02,-2.199385E-05
-5.500792E+02,-2.111521E-05
-5.023072E+02,-2.024882E-05
-4.544496E+02,-1.927854E-05
-4.066741E+02,-1.829779E-05
-3.588675E+02,-1.721707E-05
-3.110499E+02,-1.606871E-05
-2.632945E+02,-1.478865E-05
-2.157420E+02,-1.340429E-05
-1.675147E+02,-1.189505E-05
-1.197570E+02,-1.018280E-05
-7.189692E+01,-8.260923E-06
-2.405186E+01,-6.124991E-06
+2.365101E+01,-3.575985E-06
+7.142154E+01,-1.145230E-06
+1.192266E+02,+1.270854E-06
+1.670479E+02,+3.452893E-06
+2.148855E+02,+5.581703E-06
+2.626664E+02,+7.520316E-06
+3.104457E+02,+9.250721E-06
+3.582654E+02,+1.094042E-05
+4.061105E+02,+1.249510E-05
+4.539321E+02,+1.404520E-05
+5.017218E+02,+1.542655E-05
+5.495361E+02,+1.678506E-05
+5.973443E+02,+1.803878E-05
+6.450778E+02,+1.922561E-05
+6.928651E+02,+2.037506E-05
+7.407258E+02,+2.145188E-05
+7.884369E+02,+2.242113E-05
+8.362381E+02,+2.338643E-05
+8.840392E+02,+2.428242E-05
+9.318667E+02,+2.511085E-05
+9.796588E+02,+2.592885E-05
+1.027475E+03,+2.670276E-05
+1.087274E+03,+2.762309E-05

+2.092994E+03,+3.499480E-05

-1.780309E+03,-3.265779E-05
-1.745621E+03,-3.245341E-05
-1.698313E+03,-3.230900E-05
-1.650486E+03,-3.204585E-05
-1.602535E+03,-3.183125E-05
-1.554684E+03,-3.155359E-05
-1.506886E+03,-3.123965E-05
-1.459028E+03,-3.099852E-05
-1.411159E+03,-3.069473E-05
-1.363266E+03,-3.042687E-05
-1.315463E+03,-3.008852E-05
-1.267618E+03,-2.968670E-05
-1.219696E+03,-2.938605E-05
-1.171878E+03,-2.894880E-05
-1.124031E+03,-2.850066E-05
-1.076169E+03,-2.807863E-05
-1.028368E+03,-2.762653E-05
-9.806103E+02,-2.711147E-05
-9.326942E+02,-2.662644E-05
-8.848434E+02,-2.603298E-05
-8.370420E+02,-2.552863E-05
-7.892737E+02,-2.489528E-05
-7.415031E+02,-2.424491E-05
-6.936624E+02,-2.353686E-05
-6.457754E+02,-2.279689E-05
-5.978732E+02,-2.202302E-05
-5.500780E+02,-2.117913E-05
-5.023508E+02,-2.031347E-05
-4.545085E+02,-1.938358E-05
-4.067027E+02,-1.835492E-05
-3.588423E+02,-1.729882E-05
-3.109952E+02,-1.612242E-05
-2.632674E+02,-1.485255E-05
-2.156839E+02,-1.346977E-05
-1.674495E+02,-1.194333E-05
-1.196992E+02,-1.026646E-05
-7.185815E+01,-8.342614E-06
-2.405974E+01,-6.139687E-06
+2.364281E+01,-3.649283E-06
+7.145064E+01,-1.275545E-06
+1.192839E+02,+1.136405E-06
+1.671177E+02,+3.355840E-06
+2.149211E+02,+5.488038E-06
+2.626808E+02,+7.410821E-06
+3.104775E+02,+9.310455E-06
+3.582123E+02,+1.093329E-05
+4.060769E+02,+1.247151E-05
+4.539394E+02,+1.402201E-05
+5.016807E+02,+1.537838E-05
+5.494528E+02,+1.670246E-05
+5.972938E+02,+1.803310E-05
+6.450716E+02,+1.918711E-05
+6.928592E+02,+2.037014E-05
+7.406562E+02,+2.141404E-05
+7.884260E+02,+2.241325E-05
+8.362479E+02,+2.336956E-05
+8.840608E+02,+2.432163E-05
+9.318976E+02,+2.511691E-05
+9.796829E+02,+2.590527E-05
+1.039214E+03,+2.698773E-05

+2.093007E+03,+3.499166E-05

-1.828272E+03,-3.284713E-05
-1.793463E+03,-3.274250E-05
-1.746217E+03,-3.259709E-05
-1.698246E+03,-3.236231E-05
-1.650315E+03,-3.211159E-05
-1.602432E+03,-3.184557E-05
-1.554592E+03,-3.160700E-05
-1.506737E+03,-3.134341E-05
-1.458924E+03,-3.102708E-05
-1.411078E+03,-3.073708E-05
-1.363190E+03,-3.040576E-05
-1.315410E+03,-3.011473E-05
-1.267618E+03,-2.976003E-05
-1.219649E+03,-2.938289E-05
-1.171816E+03,-2.900474E-05
-1.124014E+03,-2.859893E-05
-1.076130E+03,-2.816190E-05
-1.028328E+03,-2.768894E-05
-9.805445E+02,-2.715131E-05
-9.326878E+02,-2.667431E-05
-8.848817E+02,-2.612063E-05
-8.370324E+02,-2.552038E-05
-7.892111E+02,-2.494014E-05
-7.414355E+02,-2.429329E-05
-6.936656E+02,-2.357358E-05
-6.457521E+02,-2.283647E-05
-5.978292E+02,-2.208996E-05
-5.500738E+02,-2.127285E-05
-5.023413E+02,-2.043108E-05
-4.544751E+02,-1.944521E-05
-4.066483E+02,-1.841895E-05
-3.588586E+02,-1.736071E-05
-3.110346E+02,-1.620232E-05
-2.632820E+02,-1.493144E-05
-2.156631E+02,-1.352153E-05
-1.674534E+02,-1.198616E-05
-1.196814E+02,-1.029522E-05
-7.185019E+01,-8.472860E-06
-2.404000E+01,-6.237193E-06
+2.366856E+01,-3.709862E-06
+7.142633E+01,-1.279234E-06
+1.192661E+02,+1.048551E-06
+1.671403E+02,+3.291970E-06
+2.149087E+02,+5.410363E-06
+2.626918E+02,+7.353847E-06
+3.105343E+02,+9.183827E-06
+3.582813E+02,+1.080675E-05
+4.061196E+02,+1.241338E-05
+4.539494E+02,+1.392781E-05
+5.017298E+02,+1.533571E-05
+5.495048E+02,+1.667156E-05
+5.973011E+02,+1.798787E-05
+6.450809E+02,+1.914579E-05
+6.928842E+02,+2.024121E-05
+7.406916E+02,+2.131943E-05
+7.884368E+02,+2.231705E-05
+8.362358E+02,+2.328821E-05
+8.840442E+02,+2.420738E-05
+9.319104E+02,+2.506082E-05
+9.911953E+02,+2.609725E-05

+2.093006E+03,+3.497945E-05

-1.876299E+03,-3.318668E-05
-1.841163E+03,-3.304769E-05
-1.793943E+03,-3.284977E-05
-1.746081E+03,-3.265079E-05
-1.698106E+03,-3.249383E-05
-1.650248E+03,-3.221472E-05
-1.602399E+03,-3.192080E-05
-1.554550E+03,-3.171486E-05
-1.506728E+03,-3.144274E-05
-1.458916E+03,-3.113117E-05
-1.411053E+03,-3.086677E-05
-1.363171E+03,-3.053003E-05
-1.315356E+03,-3.017706E-05
-1.267559E+03,-2.983998E-05
-1.219628E+03,-2.948003E-05
-1.171800E+03,-2.906229E-05
-1.123996E+03,-2.866206E-05
-1.076132E+03,-2.820848E-05
-1.028323E+03,-2.773814E-05
-9.804929E+02,-2.723322E-05
-9.326437E+02,-2.679537E-05
-8.848706E+02,-2.616979E-05
-8.370550E+02,-2.559706E-05
-7.892510E+02,-2.498896E-05
-7.414471E+02,-2.434141E-05
-6.936426E+02,-2.368775E-05
-6.457098E+02,-2.294391E-05
-5.978152E+02,-2.217935E-05
-5.500994E+02,-2.137590E-05
-5.023304E+02,-2.048017E-05
-4.544455E+02,-1.950997E-05
-4.066492E+02,-1.853427E-05
-3.588635E+02,-1.739470E-05
-3.110183E+02,-1.622066E-05
-2.633159E+02,-1.497469E-05
-2.156620E+02,-1.358988E-05
-1.674929E+02,-1.204884E-05
-1.197104E+02,-1.039380E-05
-7.186961E+01,-8.494093E-06
-2.408155E+01,-6.236418E-06
+2.364217E+01,-3.790629E-06
+7.146016E+01,-1.342190E-06
+1.192995E+02,+1.059976E-06
+1.671289E+02,+3.265272E-06
+2.148979E+02,+5.334709E-06
+2.626721E+02,+7.269899E-06
+3.105228E+02,+9.089623E-06
+3.583058E+02,+1.075830E-05
+4.060907E+02,+1.230573E-05
+4.539276E+02,+1.381792E-05
+5.017377E+02,+1.527979E-05
+5.495401E+02,+1.654929E-05
+5.973434E+02,+1.785189E-05
+6.451301E+02,+1.907694E-05
+6.929508E+02,+2.016933E-05
+7.407228E+02,+2.122908E-05
+7.884505E+02,+2.221628E-05
+8.362508E+02,+2.322292E-05
+8.841008E+02,+2.410200E-05
+9.441373E+02,+2.528993E-05

MicroMag 2900/3900 Data File ends
