MicroMag 2900/3900 Data File (Series 0015)
First-order reversal curves
Configuration   :  AGM
Hardware version:  0004
Software version:  01/23/2008
Units of measure:  cgs
Temperature in  :  Kelvin
04/07/2008  14:41
""

Averaging time = +1.000000E-01
Hb1            = -5.000000E+02
Hb2            = +5.000000E+02
Hc1            =  0.000000E+00
Hc2            = +1.200000E+03
HCal           = +2.091594E+03
HNcr           = +4.782613E+01
HSat           = +3.000000E+03
NCrv           = 55
PauseCal       = +1.000000E+00
PauseNtl       = +1.000000E+00
PauseSat       = +1.000000E+00
SlewRate       = +1.000000E+04
Smoothing      = 3

Field range    = +2.100000E+03
Moment range   = +5.000000E-03
Temperature    = N/A
Orientation    = N/A
Elapsed time   = +7.325463E+02
Slope corr.    = N/A
Saturation     = N/A
NData          = 2455

+2.092245E+03,+2.852105E-03

+7.043769E+02,+1.907269E-03

+2.092277E+03,+2.863110E-03

+6.563880E+02,+1.865058E-03
+6.914242E+02,+1.900208E-03
+7.524095E+02,+1.957472E-03

+2.092280E+03,+2.871405E-03

+6.083029E+02,+1.820280E-03
+6.435841E+02,+1.856593E-03
+6.908948E+02,+1.902845E-03
+7.388347E+02,+1.948082E-03
+7.993709E+02,+2.003495E-03

+2.092287E+03,+2.885664E-03

+5.612389E+02,+1.773188E-03
+5.958288E+02,+1.809504E-03
+6.431108E+02,+1.857988E-03
+6.910476E+02,+1.905101E-03
+7.390070E+02,+1.949831E-03
+7.868860E+02,+1.994136E-03
+8.473927E+02,+2.049120E-03

+2.092278E+03,+2.890334E-03

+5.132056E+02,+1.724699E-03
+5.479609E+02,+1.761969E-03
+5.952762E+02,+1.810283E-03
+6.432074E+02,+1.859449E-03
+6.911415E+02,+1.906795E-03
+7.390609E+02,+1.953101E-03
+7.869523E+02,+1.997213E-03
+8.348538E+02,+2.041276E-03
+8.954678E+02,+2.093214E-03

+2.092283E+03,+2.904724E-03

+4.652614E+02,+1.671496E-03
+5.001783E+02,+1.711181E-03
+5.474757E+02,+1.762217E-03
+5.954344E+02,+1.812441E-03
+6.433792E+02,+1.861112E-03
+6.912924E+02,+1.907107E-03
+7.391826E+02,+1.953366E-03
+7.870459E+02,+1.998634E-03
+8.348870E+02,+2.042396E-03
+8.827230E+02,+2.084244E-03
+9.435908E+02,+2.136480E-03

+2.092284E+03,+2.915626E-03

+4.171421E+02,+1.612862E-03
+4.524217E+02,+1.654069E-03
+4.997223E+02,+1.707513E-03
+5.476390E+02,+1.760143E-03
+5.955593E+02,+1.810627E-03
+6.434721E+02,+1.858833E-03
+6.913681E+02,+1.907058E-03
+7.392532E+02,+1.952696E-03
+7.870802E+02,+1.996617E-03
+8.349010E+02,+2.039572E-03
+8.827654E+02,+2.082685E-03
+9.307278E+02,+2.124734E-03
+9.906954E+02,+2.176063E-03

+2.092294E+03,+2.913852E-03

+3.699946E+02,+1.552338E-03
+4.045959E+02,+1.593832E-03
+4.519026E+02,+1.648692E-03
+4.998420E+02,+1.703167E-03
+5.477452E+02,+1.755885E-03
+5.956536E+02,+1.806158E-03
+6.435525E+02,+1.855739E-03
+6.914283E+02,+1.903430E-03
+7.392969E+02,+1.950061E-03
+7.871589E+02,+1.993899E-03
+8.349972E+02,+2.036831E-03
+8.828344E+02,+2.079621E-03
+9.307166E+02,+2.120661E-03
+9.785532E+02,+2.160949E-03
+1.038719E+03,+2.211220E-03

+2.092290E+03,+2.916950E-03

+3.219098E+02,+1.486595E-03
+3.567988E+02,+1.531463E-03
+4.041040E+02,+1.590894E-03
+4.520293E+02,+1.647190E-03
+4.999411E+02,+1.700784E-03
+5.478176E+02,+1.752856E-03
+5.957323E+02,+1.803368E-03
+6.436179E+02,+1.852883E-03
+6.915281E+02,+1.899416E-03
+7.394198E+02,+1.946263E-03
+7.872406E+02,+1.991708E-03
+8.350673E+02,+2.036107E-03
+8.828719E+02,+2.077745E-03
+9.307287E+02,+2.118794E-03
+9.785434E+02,+2.160427E-03
+1.026405E+03,+2.199776E-03
+1.086743E+03,+2.248099E-03

+2.092296E+03,+2.916024E-03

+2.738993E+02,+1.417776E-03
+3.090233E+02,+1.466212E-03
+3.562779E+02,+1.527258E-03
+4.042350E+02,+1.587083E-03
+4.522191E+02,+1.644704E-03
+5.000831E+02,+1.699685E-03
+5.479239E+02,+1.752315E-03
+5.958516E+02,+1.802248E-03
+6.437545E+02,+1.851012E-03
+6.915902E+02,+1.897384E-03
+7.394415E+02,+1.943205E-03
+7.872800E+02,+1.988769E-03
+8.351051E+02,+2.033221E-03
+8.829200E+02,+2.074971E-03
+9.307985E+02,+2.117517E-03
+9.785996E+02,+2.158373E-03
+1.026368E+03,+2.197251E-03
+1.074276E+03,+2.235455E-03
+1.134790E+03,+2.283878E-03

+2.092296E+03,+2.916152E-03

+2.259259E+02,+1.341908E-03
+2.612105E+02,+1.395162E-03
+3.085284E+02,+1.460969E-03
+3.564318E+02,+1.523752E-03
+4.044013E+02,+1.583736E-03
+4.523567E+02,+1.640168E-03
+5.002153E+02,+1.695901E-03
+5.480637E+02,+1.746933E-03
+5.959462E+02,+1.797119E-03
+6.438223E+02,+1.847150E-03
+6.916367E+02,+1.895399E-03
+7.394775E+02,+1.941334E-03
+7.872965E+02,+1.986004E-03
+8.351150E+02,+2.030136E-03
+8.829539E+02,+2.071575E-03
+9.308529E+02,+2.113297E-03
+9.786175E+02,+2.153944E-03
+1.026404E+03,+2.194590E-03
+1.074308E+03,+2.233417E-03
+1.122147E+03,+2.272970E-03
+1.181871E+03,+2.318583E-03

+2.092298E+03,+2.917617E-03

+1.789310E+02,+1.261118E-03
+2.135229E+02,+1.316865E-03
+2.607053E+02,+1.388452E-03
+3.086114E+02,+1.455789E-03
+3.565003E+02,+1.518863E-03
+4.044710E+02,+1.580033E-03
+4.524290E+02,+1.637894E-03
+5.002669E+02,+1.693352E-03
+5.480817E+02,+1.745168E-03
+5.959283E+02,+1.796665E-03
+6.437812E+02,+1.845079E-03
+6.916258E+02,+1.892279E-03
+7.394739E+02,+1.938059E-03
+7.873151E+02,+1.983117E-03
+8.351516E+02,+2.027581E-03
+8.829985E+02,+2.070442E-03
+9.308758E+02,+2.112573E-03
+9.786883E+02,+2.152599E-03
+1.026479E+03,+2.192670E-03
+1.074324E+03,+2.230658E-03
+1.122151E+03,+2.269055E-03
+1.170013E+03,+2.305437E-03
+1.229995E+03,+2.352428E-03

+2.092298E+03,+2.917990E-03

+1.308759E+02,+1.163185E-03
+1.658768E+02,+1.230109E-03
+2.130024E+02,+1.310536E-03
+2.608051E+02,+1.384926E-03
+3.087860E+02,+1.454212E-03
+3.566156E+02,+1.518058E-03
+4.045121E+02,+1.578259E-03
+4.524748E+02,+1.634729E-03
+5.003494E+02,+1.690303E-03
+5.481746E+02,+1.742942E-03
+5.960147E+02,+1.793629E-03
+6.438163E+02,+1.843226E-03
+6.916761E+02,+1.891035E-03
+7.395634E+02,+1.937398E-03
+7.874166E+02,+1.982016E-03
+8.351891E+02,+2.025955E-03
+8.829906E+02,+2.067454E-03
+9.308660E+02,+2.109485E-03
+9.787041E+02,+2.150918E-03
+1.026554E+03,+2.191629E-03
+1.074346E+03,+2.229812E-03
+1.122134E+03,+2.268910E-03
+1.169968E+03,+2.307081E-03
+1.217896E+03,+2.343103E-03
+1.277990E+03,+2.387094E-03

+2.092295E+03,+2.920060E-03

+8.278886E+01,+1.044758E-03
+1.180455E+02,+1.126068E-03
+1.652032E+02,+1.220305E-03
+2.130860E+02,+1.304448E-03
+2.609863E+02,+1.380271E-03
+3.088620E+02,+1.449073E-03
+3.566981E+02,+1.514539E-03
+4.045920E+02,+1.575113E-03
+4.525225E+02,+1.633329E-03
+5.003771E+02,+1.689213E-03
+5.481905E+02,+1.742005E-03
+5.960657E+02,+1.792669E-03
+6.439207E+02,+1.840956E-03
+6.917727E+02,+1.888444E-03
+7.396306E+02,+1.934217E-03
+7.874063E+02,+1.979537E-03
+8.352042E+02,+2.023304E-03
+8.830421E+02,+2.066550E-03
+9.309099E+02,+2.108243E-03
+9.787148E+02,+2.149021E-03
+1.026518E+03,+2.189471E-03
+1.074358E+03,+2.227801E-03
+1.122143E+03,+2.265605E-03
+1.170001E+03,+2.302591E-03
+1.217904E+03,+2.340364E-03
+1.265773E+03,+2.375807E-03
+1.326010E+03,+2.421310E-03

+2.092300E+03,+2.916827E-03

+3.475436E+01,+8.772386E-04
+6.998405E+01,+9.882162E-04
+1.174379E+02,+1.110987E-03
+1.653209E+02,+1.212648E-03
+2.132302E+02,+1.298999E-03
+2.610697E+02,+1.376384E-03
+3.089130E+02,+1.446629E-03
+3.567634E+02,+1.511880E-03
+4.046672E+02,+1.572558E-03
+4.525856E+02,+1.630560E-03
+5.004166E+02,+1.685346E-03
+5.482176E+02,+1.737258E-03
+5.960701E+02,+1.788169E-03
+6.439380E+02,+1.837565E-03
+6.917708E+02,+1.886289E-03
+7.396277E+02,+1.932411E-03
+7.874743E+02,+1.978373E-03
+8.352918E+02,+2.022346E-03
+8.831166E+02,+2.065133E-03
+9.309931E+02,+2.105935E-03
+9.787975E+02,+2.146641E-03
+1.026585E+03,+2.186237E-03
+1.074422E+03,+2.225324E-03
+1.122236E+03,+2.263920E-03
+1.170091E+03,+2.301061E-03
+1.217913E+03,+2.339115E-03
+1.265840E+03,+2.375136E-03
+1.313590E+03,+2.411498E-03
+1.372994E+03,+2.453560E-03

+2.092301E+03,+2.916073E-03

-1.226874E+01,+5.914449E-04
+2.190191E+01,+7.740412E-04
+6.961751E+01,+9.641856E-04
+1.174981E+02,+1.100850E-03
+1.654658E+02,+1.206611E-03
+2.133292E+02,+1.296446E-03
+2.611159E+02,+1.373940E-03
+3.089930E+02,+1.444316E-03
+3.568245E+02,+1.508686E-03
+4.047060E+02,+1.570073E-03
+4.526255E+02,+1.627355E-03
+5.004402E+02,+1.683203E-03
+5.482529E+02,+1.735688E-03
+5.961051E+02,+1.787374E-03
+6.439299E+02,+1.837384E-03
+6.917905E+02,+1.885456E-03
+7.396217E+02,+1.931625E-03
+7.874586E+02,+1.975938E-03
+8.353092E+02,+2.020681E-03
+8.831450E+02,+2.062762E-03
+9.309896E+02,+2.104587E-03
+9.787609E+02,+2.144816E-03
+1.026569E+03,+2.184607E-03
+1.074457E+03,+2.224729E-03
+1.122266E+03,+2.263633E-03
+1.170093E+03,+2.301010E-03
+1.217988E+03,+2.336864E-03
+1.265782E+03,+2.374449E-03
+1.313534E+03,+2.409350E-03
+1.361386E+03,+2.443267E-03
+1.421164E+03,+2.486926E-03

+2.092301E+03,+2.916048E-03

-6.030640E+01,-5.642210E-05
-2.565876E+01,+1.693568E-04
+2.151560E+01,+6.432640E-04
+6.972272E+01,+9.382928E-04
+1.175753E+02,+1.087768E-03
+1.655382E+02,+1.198513E-03
+2.134424E+02,+1.289217E-03
+2.612634E+02,+1.367664E-03
+3.091213E+02,+1.439531E-03
+3.569188E+02,+1.505120E-03
+4.047621E+02,+1.567059E-03
+4.527003E+02,+1.624294E-03
+5.004848E+02,+1.679224E-03
+5.483106E+02,+1.732247E-03
+5.961870E+02,+1.783649E-03
+6.439826E+02,+1.832951E-03
+6.918420E+02,+1.881098E-03
+7.396949E+02,+1.928561E-03
+7.875105E+02,+1.973032E-03
+8.353249E+02,+2.017081E-03
+8.831546E+02,+2.059499E-03
+9.310131E+02,+2.100604E-03
+9.788189E+02,+2.141743E-03
+1.026619E+03,+2.182554E-03
+1.074437E+03,+2.220998E-03
+1.122251E+03,+2.259276E-03
+1.170044E+03,+2.298690E-03
+1.217923E+03,+2.335545E-03
+1.265744E+03,+2.371357E-03
+1.313536E+03,+2.405698E-03
+1.361403E+03,+2.441638E-03
+1.409267E+03,+2.475296E-03
+1.469307E+03,+2.518873E-03

+2.092301E+03,+2.913136E-03

-1.083241E+02,-4.245354E-04
-7.338345E+01,-3.003306E-04
-2.645032E+01,-3.656982E-05
+2.190095E+01,+5.150899E-04
+6.981561E+01,+9.079974E-04
+1.177389E+02,+1.079277E-03
+1.656771E+02,+1.194015E-03
+2.134927E+02,+1.285274E-03
+2.613328E+02,+1.364367E-03
+3.091408E+02,+1.435544E-03
+3.569577E+02,+1.501417E-03
+4.047936E+02,+1.562492E-03
+4.526958E+02,+1.620466E-03
+5.005376E+02,+1.677000E-03
+5.483510E+02,+1.730400E-03
+5.962223E+02,+1.782214E-03
+6.440698E+02,+1.831895E-03
+6.919070E+02,+1.878765E-03
+7.397332E+02,+1.925175E-03
+7.875236E+02,+1.970455E-03
+8.353379E+02,+2.014409E-03
+8.831710E+02,+2.056182E-03
+9.310500E+02,+2.099068E-03
+9.788332E+02,+2.140464E-03
+1.026634E+03,+2.180956E-03
+1.074465E+03,+2.218916E-03
+1.122257E+03,+2.258003E-03
+1.170117E+03,+2.296163E-03
+1.217982E+03,+2.332369E-03
+1.265786E+03,+2.367887E-03
+1.313627E+03,+2.403769E-03
+1.361405E+03,+2.440373E-03
+1.409244E+03,+2.474341E-03
+1.457151E+03,+2.508879E-03
+1.517473E+03,+2.549644E-03

+2.092303E+03,+2.915125E-03

-1.564529E+02,-6.202201E-04
-1.211852E+02,-5.309689E-04
-7.390164E+01,-3.799858E-04
-2.635765E+01,-1.131015E-04
+2.205955E+01,+4.532070E-04
+6.985605E+01,+8.724684E-04
+1.177809E+02,+1.065921E-03
+1.657334E+02,+1.187009E-03
+2.135952E+02,+1.280578E-03
+2.613885E+02,+1.360951E-03
+3.092251E+02,+1.433567E-03
+3.570014E+02,+1.500062E-03
+4.048395E+02,+1.561964E-03
+4.527147E+02,+1.619837E-03
+5.005383E+02,+1.675517E-03
+5.483887E+02,+1.728528E-03
+5.962420E+02,+1.779504E-03
+6.440526E+02,+1.828573E-03
+6.919048E+02,+1.877349E-03
+7.397586E+02,+1.923922E-03
+7.875488E+02,+1.969074E-03
+8.353571E+02,+2.014265E-03
+8.832150E+02,+2.056979E-03
+9.310921E+02,+2.098537E-03
+9.788714E+02,+2.138384E-03
+1.026670E+03,+2.179191E-03
+1.074517E+03,+2.217793E-03
+1.122291E+03,+2.256041E-03
+1.170083E+03,+2.294420E-03
+1.217969E+03,+2.330966E-03
+1.265774E+03,+2.368183E-03
+1.313606E+03,+2.403523E-03
+1.361450E+03,+2.439210E-03
+1.409275E+03,+2.473120E-03
+1.457163E+03,+2.506931E-03
+1.505045E+03,+2.540251E-03
+1.564473E+03,+2.581946E-03

+2.092307E+03,+2.913501E-03

-2.035729E+02,-7.502400E-04
-1.690296E+02,-6.798509E-04
-1.217557E+02,-5.709811E-04
-7.382613E+01,-4.173697E-04
-2.612899E+01,-1.509085E-04
+2.213343E+01,+4.148981E-04
+6.993822E+01,+8.414250E-04
+1.178022E+02,+1.046530E-03
+1.657562E+02,+1.176671E-03
+2.136398E+02,+1.274352E-03
+2.614309E+02,+1.356256E-03
+3.092796E+02,+1.427454E-03
+3.570452E+02,+1.494382E-03
+4.049045E+02,+1.556119E-03
+4.528216E+02,+1.614122E-03
+5.006287E+02,+1.669887E-03
+5.484379E+02,+1.723170E-03
+5.962832E+02,+1.775584E-03
+6.441325E+02,+1.824538E-03
+6.919606E+02,+1.872949E-03
+7.397911E+02,+1.919914E-03
+7.875752E+02,+1.965493E-03
+8.353478E+02,+2.008403E-03
+8.831459E+02,+2.051310E-03
+9.310572E+02,+2.092892E-03
+9.788667E+02,+2.133040E-03
+1.026621E+03,+2.173210E-03
+1.074482E+03,+2.212534E-03
+1.122298E+03,+2.251483E-03
+1.170145E+03,+2.288667E-03
+1.218008E+03,+2.326892E-03
+1.265785E+03,+2.363424E-03
+1.313601E+03,+2.398536E-03
+1.361470E+03,+2.433336E-03
+1.409279E+03,+2.467447E-03
+1.457128E+03,+2.501808E-03
+1.504978E+03,+2.534234E-03
+1.552832E+03,+2.567812E-03
+1.612601E+03,+2.608554E-03

+2.092305E+03,+2.908044E-03

-2.515650E+02,-8.590489E-04
-2.168554E+02,-7.993756E-04
-1.695634E+02,-7.097189E-04
-1.215959E+02,-5.988138E-04
-7.369524E+01,-4.450111E-04
-2.590739E+01,-1.765680E-04
+2.218407E+01,+3.880224E-04
+6.999713E+01,+8.187988E-04
+1.179065E+02,+1.030837E-03
+1.658586E+02,+1.165791E-03
+2.136573E+02,+1.267277E-03
+2.614393E+02,+1.351253E-03
+3.092954E+02,+1.423594E-03
+3.570851E+02,+1.490927E-03
+4.049567E+02,+1.552242E-03
+4.528143E+02,+1.611953E-03
+5.006344E+02,+1.668230E-03
+5.484592E+02,+1.722325E-03
+5.963061E+02,+1.773647E-03
+6.441437E+02,+1.823133E-03
+6.919918E+02,+1.871386E-03
+7.397999E+02,+1.917160E-03
+7.875685E+02,+1.962027E-03
+8.353574E+02,+2.005111E-03
+8.831720E+02,+2.049193E-03
+9.310797E+02,+2.090830E-03
+9.788773E+02,+2.131993E-03
+1.026626E+03,+2.172212E-03
+1.074472E+03,+2.211841E-03
+1.122267E+03,+2.250167E-03
+1.170110E+03,+2.286857E-03
+1.217986E+03,+2.323926E-03
+1.265822E+03,+2.359596E-03
+1.313601E+03,+2.395916E-03
+1.361426E+03,+2.430791E-03
+1.409269E+03,+2.466116E-03
+1.457143E+03,+2.499886E-03
+1.505022E+03,+2.534062E-03
+1.552846E+03,+2.567243E-03
+1.600645E+03,+2.598529E-03
+1.660697E+03,+2.637263E-03

+2.092308E+03,+2.907692E-03

-2.995349E+02,-9.548117E-04
-2.646046E+02,-8.999352E-04
-2.173373E+02,-8.221713E-04
-1.694507E+02,-7.308752E-04
-1.215112E+02,-6.183874E-04
-7.377135E+01,-4.644897E-04
-2.558822E+01,-1.950613E-04
+2.227101E+01,+3.662292E-04
+7.009872E+01,+7.970889E-04
+1.179586E+02,+1.011105E-03
+1.658812E+02,+1.149152E-03
+2.137070E+02,+1.255357E-03
+2.614892E+02,+1.343397E-03
+3.093290E+02,+1.419202E-03
+3.571217E+02,+1.487714E-03
+4.049819E+02,+1.550072E-03
+4.528408E+02,+1.610015E-03
+5.006341E+02,+1.664941E-03
+5.484510E+02,+1.718860E-03
+5.962940E+02,+1.769931E-03
+6.441370E+02,+1.819358E-03
+6.919701E+02,+1.868242E-03
+7.398051E+02,+1.915105E-03
+7.875893E+02,+1.960889E-03
+8.354035E+02,+2.004275E-03
+8.832433E+02,+2.048197E-03
+9.311265E+02,+2.089849E-03
+9.789271E+02,+2.130662E-03
+1.026726E+03,+2.169789E-03
+1.074565E+03,+2.208887E-03
+1.122329E+03,+2.247421E-03
+1.170133E+03,+2.284637E-03
+1.218027E+03,+2.322333E-03
+1.265842E+03,+2.358764E-03
+1.313645E+03,+2.394960E-03
+1.361447E+03,+2.429943E-03
+1.409238E+03,+2.464088E-03
+1.457117E+03,+2.497957E-03
+1.504991E+03,+2.530560E-03
+1.552850E+03,+2.563696E-03
+1.600645E+03,+2.595619E-03
+1.648500E+03,+2.628198E-03
+1.708888E+03,+2.668766E-03

+2.092308E+03,+2.906820E-03

-3.476368E+02,-1.040849E-03
-3.123752E+02,-9.899625E-04
-2.651946E+02,-9.197410E-04
-2.173013E+02,-8.399747E-04
-1.693245E+02,-7.497379E-04
-1.213745E+02,-6.368390E-04
-7.382803E+01,-4.845982E-04
-2.539650E+01,-2.122391E-04
+2.230215E+01,+3.471704E-04
+7.013631E+01,+7.791327E-04
+1.180102E+02,+9.949217E-04
+1.659293E+02,+1.135302E-03
+2.137416E+02,+1.243884E-03
+2.614879E+02,+1.334172E-03
+3.093089E+02,+1.413396E-03
+3.571398E+02,+1.481936E-03
+4.050032E+02,+1.546237E-03
+4.528653E+02,+1.605539E-03
+5.006417E+02,+1.662159E-03
+5.484746E+02,+1.715371E-03
+5.963115E+02,+1.767612E-03
+6.441401E+02,+1.818252E-03
+6.919631E+02,+1.866478E-03
+7.398042E+02,+1.913606E-03
+7.875968E+02,+1.958374E-03
+8.354090E+02,+2.003085E-03
+8.832434E+02,+2.045792E-03
+9.311016E+02,+2.087474E-03
+9.788837E+02,+2.127483E-03
+1.026693E+03,+2.167706E-03
+1.074555E+03,+2.208045E-03
+1.122360E+03,+2.246286E-03
+1.170208E+03,+2.284366E-03
+1.218099E+03,+2.320702E-03
+1.265875E+03,+2.358315E-03
+1.313669E+03,+2.392863E-03
+1.361462E+03,+2.427651E-03
+1.409255E+03,+2.461253E-03
+1.457156E+03,+2.496015E-03
+1.505020E+03,+2.530249E-03
+1.552829E+03,+2.562266E-03
+1.600616E+03,+2.595110E-03
+1.648512E+03,+2.627626E-03
+1.696520E+03,+2.659231E-03
+1.755834E+03,+2.695760E-03

+2.092306E+03,+2.903705E-03

-3.946927E+02,-1.118899E-03
-3.601892E+02,-1.073080E-03
-3.128994E+02,-1.007799E-03
-2.650172E+02,-9.361756E-04
-2.170982E+02,-8.562532E-04
-1.691950E+02,-7.661613E-04
-1.212476E+02,-6.525921E-04
-7.370632E+01,-5.002614E-04
-2.535829E+01,-2.274569E-04
+2.232795E+01,+3.310425E-04
+7.019586E+01,+7.623057E-04
+1.180640E+02,+9.786987E-04
+1.659394E+02,+1.120121E-03
+2.137541E+02,+1.231007E-03
+2.615580E+02,+1.322769E-03
+3.093802E+02,+1.404222E-03
+3.572118E+02,+1.475714E-03
+4.050627E+02,+1.541605E-03
+4.528907E+02,+1.601305E-03
+5.006570E+02,+1.658026E-03
+5.485159E+02,+1.712327E-03
+5.963674E+02,+1.764514E-03
+6.441847E+02,+1.815416E-03
+6.920440E+02,+1.863434E-03
+7.398558E+02,+1.911050E-03
+7.876166E+02,+1.955988E-03
+8.354364E+02,+2.000116E-03
+8.832707E+02,+2.042828E-03
+9.311704E+02,+2.084506E-03
+9.789491E+02,+2.125951E-03
+1.026738E+03,+2.165799E-03
+1.074578E+03,+2.206118E-03
+1.122374E+03,+2.244391E-03
+1.170197E+03,+2.282478E-03
+1.218065E+03,+2.319495E-03
+1.265835E+03,+2.355881E-03
+1.313643E+03,+2.391127E-03
+1.361487E+03,+2.425083E-03
+1.409336E+03,+2.459230E-03
+1.457203E+03,+2.493576E-03
+1.505056E+03,+2.527793E-03
+1.552877E+03,+2.559683E-03
+1.600696E+03,+2.593185E-03
+1.648506E+03,+2.625196E-03
+1.696445E+03,+2.656648E-03
+1.744324E+03,+2.686703E-03
+1.804004E+03,+2.724231E-03

+2.092309E+03,+2.902179E-03

-4.426868E+02,-1.192505E-03
-4.079844E+02,-1.148189E-03
-3.607218E+02,-1.088501E-03
-3.127825E+02,-1.022740E-03
-2.649257E+02,-9.512793E-04
-2.170344E+02,-8.726195E-04
-1.691166E+02,-7.808819E-04
-1.211936E+02,-6.676086E-04
-7.357931E+01,-5.141382E-04
-2.532803E+01,-2.411993E-04
+2.237283E+01,+3.149103E-04
+7.019363E+01,+7.454387E-04
+1.180860E+02,+9.611374E-04
+1.659870E+02,+1.102873E-03
+2.138111E+02,+1.214912E-03
+2.616341E+02,+1.309901E-03
+3.094061E+02,+1.392606E-03
+3.571669E+02,+1.467396E-03
+4.050267E+02,+1.535701E-03
+4.528924E+02,+1.598049E-03
+5.007360E+02,+1.654982E-03
+5.485794E+02,+1.708951E-03
+5.964268E+02,+1.761605E-03
+6.442520E+02,+1.811006E-03
+6.920583E+02,+1.860203E-03
+7.399016E+02,+1.907864E-03
+7.876716E+02,+1.953810E-03
+8.354504E+02,+1.997067E-03
+8.832727E+02,+2.040489E-03
+9.311459E+02,+2.082268E-03
+9.789414E+02,+2.122197E-03
+1.026772E+03,+2.162783E-03
+1.074600E+03,+2.202892E-03
+1.122408E+03,+2.241331E-03
+1.170236E+03,+2.278692E-03
+1.218076E+03,+2.316923E-03
+1.265871E+03,+2.353321E-03
+1.313654E+03,+2.388183E-03
+1.361484E+03,+2.422660E-03
+1.409329E+03,+2.457168E-03
+1.457159E+03,+2.490773E-03
+1.505056E+03,+2.524024E-03
+1.552815E+03,+2.557910E-03
+1.600616E+03,+2.590512E-03
+1.648477E+03,+2.622902E-03
+1.696428E+03,+2.653767E-03
+1.744340E+03,+2.685539E-03
+1.792214E+03,+2.715344E-03
+1.852266E+03,+2.754278E-03

+2.092307E+03,+2.902270E-03

-4.908137E+02,-1.266816E-03
-4.557796E+02,-1.224182E-03
-4.085392E+02,-1.166355E-03
-3.606430E+02,-1.103806E-03
-3.126848E+02,-1.038589E-03
-2.648491E+02,-9.672894E-04
-2.169558E+02,-8.883421E-04
-1.690194E+02,-7.964169E-04
-1.211577E+02,-6.845351E-04
-7.345319E+01,-5.297674E-04
-2.527803E+01,-2.552755E-04
+2.241560E+01,+3.032795E-04
+7.027070E+01,+7.320673E-04
+1.181248E+02,+9.476589E-04
+1.660191E+02,+1.090552E-03
+2.138283E+02,+1.202094E-03
+2.616331E+02,+1.297663E-03
+3.094341E+02,+1.381729E-03
+3.572354E+02,+1.459310E-03
+4.050739E+02,+1.528648E-03
+4.529427E+02,+1.593645E-03
+5.007551E+02,+1.652922E-03
+5.485914E+02,+1.707545E-03
+5.964443E+02,+1.759501E-03
+6.442905E+02,+1.810717E-03
+6.920626E+02,+1.859455E-03
+7.398452E+02,+1.906447E-03
+7.876469E+02,+1.952971E-03
+8.354641E+02,+1.997394E-03
+8.832914E+02,+2.041052E-03
+9.311520E+02,+2.082114E-03
+9.789443E+02,+2.123396E-03
+1.026734E+03,+2.162683E-03
+1.074549E+03,+2.202486E-03
+1.122343E+03,+2.241601E-03
+1.170153E+03,+2.279767E-03
+1.218069E+03,+2.317001E-03
+1.265909E+03,+2.353252E-03
+1.313668E+03,+2.389899E-03
+1.361468E+03,+2.424762E-03
+1.409306E+03,+2.458799E-03
+1.457185E+03,+2.491818E-03
+1.505053E+03,+2.526567E-03
+1.552851E+03,+2.558838E-03
+1.600642E+03,+2.591610E-03
+1.648503E+03,+2.624141E-03
+1.696454E+03,+2.655907E-03
+1.744348E+03,+2.686903E-03
+1.792203E+03,+2.717067E-03
+1.840106E+03,+2.747400E-03
+1.900393E+03,+2.785536E-03

+2.092309E+03,+2.901889E-03

-5.388023E+02,-1.332191E-03
-5.036539E+02,-1.290868E-03
-4.563245E+02,-1.237265E-03
-4.084131E+02,-1.177432E-03
-3.604773E+02,-1.116325E-03
-3.125472E+02,-1.050627E-03
-2.647347E+02,-9.798285E-04
-2.168898E+02,-9.001462E-04
-1.690230E+02,-8.085962E-04
-1.212612E+02,-6.967676E-04
-7.331498E+01,-5.415477E-04
-2.526243E+01,-2.691438E-04
+2.243948E+01,+2.870572E-04
+7.023599E+01,+7.146159E-04
+1.181016E+02,+9.313498E-04
+1.660022E+02,+1.074368E-03
+2.138560E+02,+1.186484E-03
+2.617089E+02,+1.282782E-03
+3.095080E+02,+1.367806E-03
+3.572631E+02,+1.446154E-03
+4.050885E+02,+1.516687E-03
+4.529960E+02,+1.584221E-03
+5.007768E+02,+1.645794E-03
+5.485456E+02,+1.702103E-03
+5.963972E+02,+1.755388E-03
+6.442054E+02,+1.805411E-03
+6.920567E+02,+1.854771E-03
+7.398679E+02,+1.900890E-03
+7.876586E+02,+1.947103E-03
+8.354672E+02,+1.991543E-03
+8.833093E+02,+2.035564E-03
+9.312041E+02,+2.077571E-03
+9.789848E+02,+2.118240E-03
+1.026796E+03,+2.159487E-03
+1.074579E+03,+2.198550E-03
+1.122384E+03,+2.236397E-03
+1.170220E+03,+2.273453E-03
+1.218124E+03,+2.311338E-03
+1.265880E+03,+2.347521E-03
+1.313680E+03,+2.383186E-03
+1.361468E+03,+2.418866E-03
+1.409272E+03,+2.453352E-03
+1.457173E+03,+2.488401E-03
+1.505038E+03,+2.521580E-03
+1.552832E+03,+2.554521E-03
+1.600639E+03,+2.586316E-03
+1.648494E+03,+2.618457E-03
+1.696425E+03,+2.649852E-03
+1.744334E+03,+2.681467E-03
+1.792225E+03,+2.712258E-03
+1.840127E+03,+2.742622E-03
+1.887971E+03,+2.773853E-03
+1.947434E+03,+2.810331E-03

+2.092311E+03,+2.898349E-03

-5.857412E+02,-1.396937E-03
-5.513433E+02,-1.359620E-03
-5.042150E+02,-1.307306E-03
-4.562650E+02,-1.251877E-03
-4.083153E+02,-1.192807E-03
-3.603933E+02,-1.131159E-03
-3.124952E+02,-1.064468E-03
-2.646777E+02,-9.930171E-04
-2.168424E+02,-9.132529E-04
-1.689551E+02,-8.218310E-04
-1.213118E+02,-7.095839E-04
-7.303536E+01,-5.541330E-04
-2.521739E+01,-2.824091E-04
+2.247515E+01,+2.745720E-04
+7.028948E+01,+7.001680E-04
+1.181395E+02,+9.162215E-04
+1.660360E+02,+1.060447E-03
+2.138637E+02,+1.173704E-03
+2.617029E+02,+1.270102E-03
+3.095096E+02,+1.356363E-03
+3.572888E+02,+1.435479E-03
+4.051264E+02,+1.506980E-03
+4.529847E+02,+1.574460E-03
+5.007745E+02,+1.637081E-03
+5.485991E+02,+1.697079E-03
+5.964952E+02,+1.751615E-03
+6.442824E+02,+1.803756E-03
+6.920615E+02,+1.853241E-03
+7.398965E+02,+1.901083E-03
+7.876759E+02,+1.946695E-03
+8.354818E+02,+1.991432E-03
+8.833011E+02,+2.034699E-03
+9.311590E+02,+2.075716E-03
+9.789685E+02,+2.117132E-03
+1.026752E+03,+2.157389E-03
+1.074579E+03,+2.197776E-03
+1.122365E+03,+2.236096E-03
+1.170220E+03,+2.274239E-03
+1.218101E+03,+2.312372E-03
+1.265842E+03,+2.348251E-03
+1.313630E+03,+2.383504E-03
+1.361452E+03,+2.417763E-03
+1.409289E+03,+2.453086E-03
+1.457180E+03,+2.486046E-03
+1.505044E+03,+2.519627E-03
+1.552854E+03,+2.552813E-03
+1.600634E+03,+2.586529E-03
+1.648488E+03,+2.618533E-03
+1.696429E+03,+2.649070E-03
+1.744328E+03,+2.681118E-03
+1.792179E+03,+2.710724E-03
+1.840066E+03,+2.741251E-03
+1.887970E+03,+2.770351E-03
+1.935913E+03,+2.800941E-03
+1.995733E+03,+2.838213E-03

+2.092312E+03,+2.898759E-03

-6.339048E+02,-1.463464E-03
-5.990811E+02,-1.426764E-03
-5.518897E+02,-1.376652E-03
-5.041163E+02,-1.322398E-03
-4.561427E+02,-1.266493E-03
-4.082118E+02,-1.207225E-03
-3.603000E+02,-1.144856E-03
-3.123784E+02,-1.078907E-03
-2.645717E+02,-1.007575E-03
-2.167699E+02,-9.291219E-04
-1.689091E+02,-8.372698E-04
-1.213446E+02,-7.259259E-04
-7.287485E+01,-5.688973E-04
-2.517899E+01,-2.944943E-04
+2.252961E+01,+2.648853E-04
+7.034060E+01,+6.899731E-04
+1.181921E+02,+9.056087E-04
+1.660732E+02,+1.049004E-03
+2.139296E+02,+1.161173E-03
+2.617516E+02,+1.257439E-03
+3.095567E+02,+1.343675E-03
+3.573363E+02,+1.423623E-03
+4.051803E+02,+1.497144E-03
+4.530509E+02,+1.566425E-03
+5.008150E+02,+1.631125E-03
+5.486052E+02,+1.691876E-03
+5.964386E+02,+1.748300E-03
+6.442612E+02,+1.800806E-03
+6.921095E+02,+1.850691E-03
+7.399494E+02,+1.898037E-03
+7.877201E+02,+1.945435E-03
+8.354949E+02,+1.990012E-03
+8.833264E+02,+2.034302E-03
+9.312064E+02,+2.076781E-03
+9.790087E+02,+2.118536E-03
+1.026795E+03,+2.158721E-03
+1.074621E+03,+2.197397E-03
+1.122409E+03,+2.235741E-03
+1.170196E+03,+2.273541E-03
+1.218065E+03,+2.311422E-03
+1.265855E+03,+2.346636E-03
+1.313628E+03,+2.383146E-03
+1.361448E+03,+2.418553E-03
+1.409307E+03,+2.454057E-03
+1.457199E+03,+2.487291E-03
+1.505066E+03,+2.520647E-03
+1.552864E+03,+2.553861E-03
+1.600669E+03,+2.585484E-03
+1.648530E+03,+2.616970E-03
+1.696456E+03,+2.648459E-03
+1.744327E+03,+2.680998E-03
+1.792175E+03,+2.711453E-03
+1.840083E+03,+2.742396E-03
+1.887964E+03,+2.772305E-03
+1.935844E+03,+2.801643E-03
+1.983852E+03,+2.830626E-03
+2.043848E+03,+2.866528E-03

+2.092313E+03,+2.899549E-03

-6.820034E+02,-1.524135E-03
-6.470023E+02,-1.486988E-03
-5.996799E+02,-1.438147E-03
-5.518025E+02,-1.387593E-03
-5.039571E+02,-1.333300E-03
-4.559803E+02,-1.278075E-03
-4.080825E+02,-1.219275E-03
-3.602023E+02,-1.157038E-03
-3.123073E+02,-1.091019E-03
-2.645147E+02,-1.019557E-03
-2.167358E+02,-9.410367E-04
-1.688684E+02,-8.489016E-04
-1.212908E+02,-7.377846E-04
-7.290558E+01,-5.807557E-04
-2.519045E+01,-3.083969E-04
+2.257964E+01,+2.513098E-04
+7.038273E+01,+6.765409E-04
+1.182006E+02,+8.919748E-04
+1.661118E+02,+1.035181E-03
+2.139369E+02,+1.147566E-03
+2.617334E+02,+1.244428E-03
+3.095736E+02,+1.330421E-03
+3.573309E+02,+1.411033E-03
+4.051509E+02,+1.484185E-03
+4.530181E+02,+1.554518E-03
+5.008188E+02,+1.620522E-03
+5.486309E+02,+1.682776E-03
+5.964844E+02,+1.740018E-03
+6.443048E+02,+1.795051E-03
+6.921380E+02,+1.846371E-03
+7.399542E+02,+1.894116E-03
+7.877156E+02,+1.940530E-03
+8.355103E+02,+1.985476E-03
+8.833539E+02,+2.029857E-03
+9.312044E+02,+2.072480E-03
+9.789478E+02,+2.114528E-03
+1.026734E+03,+2.153965E-03
+1.074586E+03,+2.193771E-03
+1.122371E+03,+2.232156E-03
+1.170186E+03,+2.269776E-03
+1.218098E+03,+2.307244E-03
+1.265917E+03,+2.343747E-03
+1.313636E+03,+2.380751E-03
+1.361463E+03,+2.415912E-03
+1.409283E+03,+2.450366E-03
+1.457153E+03,+2.483815E-03
+1.505033E+03,+2.517836E-03
+1.552867E+03,+2.550031E-03
+1.600679E+03,+2.582874E-03
+1.648523E+03,+2.614506E-03
+1.696463E+03,+2.646863E-03
+1.744333E+03,+2.678379E-03
+1.792187E+03,+2.709363E-03
+1.840090E+03,+2.740036E-03
+1.887961E+03,+2.769040E-03
+1.935853E+03,+2.798825E-03
+1.983820E+03,+2.827427E-03
+2.031743E+03,+2.856910E-03
+2.092026E+03,+2.893759E-03

+2.092320E+03,+2.892011E-03

-7.300507E+02,-1.583944E-03
-6.948548E+02,-1.547318E-03
-6.475437E+02,-1.500410E-03
-5.995494E+02,-1.450427E-03
-5.516548E+02,-1.399368E-03
-5.038096E+02,-1.345903E-03
-4.559207E+02,-1.289720E-03
-4.081064E+02,-1.231679E-03
-3.602029E+02,-1.168993E-03
-3.122927E+02,-1.103055E-03
-2.644886E+02,-1.030899E-03
-2.166541E+02,-9.524831E-04
-1.688003E+02,-8.608532E-04
-1.211736E+02,-7.496363E-04
-7.290941E+01,-5.924601E-04
-2.518631E+01,-3.202305E-04
+2.257706E+01,+2.379389E-04
+7.044076E+01,+6.633528E-04
+1.182940E+02,+8.776879E-04
+1.661949E+02,+1.021950E-03
+2.139851E+02,+1.133757E-03
+2.617815E+02,+1.231173E-03
+3.096258E+02,+1.318147E-03
+3.573940E+02,+1.398355E-03
+4.052245E+02,+1.472700E-03
+4.530685E+02,+1.543413E-03
+5.008325E+02,+1.609850E-03
+5.486670E+02,+1.672850E-03
+5.965125E+02,+1.733584E-03
+6.443370E+02,+1.789898E-03
+6.921635E+02,+1.842273E-03
+7.399972E+02,+1.891801E-03
+7.877666E+02,+1.939731E-03
+8.355500E+02,+1.983909E-03
+8.833351E+02,+2.027425E-03
+9.312074E+02,+2.070427E-03
+9.790173E+02,+2.113316E-03
+1.026785E+03,+2.154247E-03
+1.074574E+03,+2.192541E-03
+1.122385E+03,+2.231230E-03
+1.170233E+03,+2.268563E-03
+1.218107E+03,+2.305906E-03
+1.265924E+03,+2.341946E-03
+1.313703E+03,+2.378121E-03
+1.361505E+03,+2.413367E-03
+1.409343E+03,+2.449010E-03
+1.457217E+03,+2.483848E-03
+1.505104E+03,+2.516424E-03
+1.552909E+03,+2.549292E-03
+1.600710E+03,+2.581190E-03
+1.648572E+03,+2.613681E-03
+1.696512E+03,+2.643521E-03
+1.744355E+03,+2.674956E-03
+1.792175E+03,+2.707202E-03
+1.840074E+03,+2.737513E-03
+1.887934E+03,+2.767068E-03
+1.935840E+03,+2.796008E-03
+1.983795E+03,+2.826295E-03
+2.031741E+03,+2.854471E-03
+2.092032E+03,+2.889217E-03

+2.092315E+03,+2.892503E-03

-7.771425E+02,-1.635820E-03
-7.426060E+02,-1.600730E-03
-6.953704E+02,-1.555640E-03
-6.474156E+02,-1.508044E-03
-5.994137E+02,-1.458228E-03
-5.515583E+02,-1.406595E-03
-5.037322E+02,-1.352713E-03
-4.558647E+02,-1.297414E-03
-4.079937E+02,-1.238360E-03
-3.601325E+02,-1.176708E-03
-3.122605E+02,-1.110028E-03
-2.644379E+02,-1.039527E-03
-2.166188E+02,-9.604156E-04
-1.687847E+02,-8.694164E-04
-1.211220E+02,-7.579001E-04
-7.286912E+01,-6.017899E-04
-2.509014E+01,-3.305633E-04
+2.264490E+01,+2.259289E-04
+7.044553E+01,+6.480517E-04
+1.182895E+02,+8.628355E-04
+1.661682E+02,+1.006167E-03
+2.139952E+02,+1.119174E-03
+2.618115E+02,+1.215750E-03
+3.096175E+02,+1.302196E-03
+3.573681E+02,+1.382973E-03
+4.052328E+02,+1.457453E-03
+4.530528E+02,+1.528328E-03
+5.008410E+02,+1.595163E-03
+5.486635E+02,+1.659665E-03
+5.964940E+02,+1.719838E-03
+6.443096E+02,+1.777841E-03
+6.921086E+02,+1.833072E-03
+7.399370E+02,+1.883975E-03
+7.877535E+02,+1.932749E-03
+8.355708E+02,+1.977844E-03
+8.833863E+02,+2.022827E-03
+9.312647E+02,+2.064630E-03
+9.790310E+02,+2.106671E-03
+1.026812E+03,+2.147792E-03
+1.074639E+03,+2.188199E-03
+1.122412E+03,+2.227076E-03
+1.170227E+03,+2.264529E-03
+1.218100E+03,+2.302134E-03
+1.265901E+03,+2.338171E-03
+1.313676E+03,+2.373566E-03
+1.361467E+03,+2.408047E-03
+1.409294E+03,+2.443575E-03
+1.457172E+03,+2.477860E-03
+1.505070E+03,+2.511106E-03
+1.552865E+03,+2.544995E-03
+1.600640E+03,+2.577609E-03
+1.648520E+03,+2.609900E-03
+1.696476E+03,+2.640334E-03
+1.744347E+03,+2.671600E-03
+1.792189E+03,+2.702376E-03
+1.840070E+03,+2.732082E-03
+1.887947E+03,+2.761993E-03
+1.935857E+03,+2.791697E-03
+1.983843E+03,+2.822115E-03
+2.043848E+03,+2.858788E-03

+2.092318E+03,+2.889570E-03

-8.251457E+02,-1.691424E-03
-7.904017E+02,-1.657357E-03
-7.432147E+02,-1.614249E-03
-6.953475E+02,-1.567017E-03
-6.473262E+02,-1.519682E-03
-5.993264E+02,-1.469845E-03
-5.515096E+02,-1.418089E-03
-5.037138E+02,-1.364864E-03
-4.558501E+02,-1.308598E-03
-4.079832E+02,-1.250337E-03
-3.601172E+02,-1.187479E-03
-3.122462E+02,-1.122609E-03
-2.644781E+02,-1.051343E-03
-2.166634E+02,-9.729989E-04
-1.688264E+02,-8.815216E-04
-1.210898E+02,-7.699038E-04
-7.287836E+01,-6.135562E-04
-2.511943E+01,-3.401444E-04
+2.263375E+01,+2.170695E-04
+7.044936E+01,+6.391090E-04
+1.182952E+02,+8.510145E-04
+1.661983E+02,+9.935573E-04
+2.139787E+02,+1.105230E-03
+2.617627E+02,+1.201766E-03
+3.096268E+02,+1.288650E-03
+3.574462E+02,+1.369738E-03
+4.052726E+02,+1.445369E-03
+4.531124E+02,+1.516583E-03
+5.008972E+02,+1.584724E-03
+5.486866E+02,+1.648285E-03
+5.965182E+02,+1.709683E-03
+6.443666E+02,+1.767266E-03
+6.921803E+02,+1.822885E-03
+7.400029E+02,+1.875011E-03
+7.877727E+02,+1.925083E-03
+8.355612E+02,+1.973084E-03
+8.833813E+02,+2.018445E-03
+9.312663E+02,+2.062045E-03
+9.790291E+02,+2.103244E-03
+1.026807E+03,+2.144995E-03
+1.074619E+03,+2.184349E-03
+1.122424E+03,+2.222897E-03
+1.170264E+03,+2.260304E-03
+1.218128E+03,+2.297705E-03
+1.265911E+03,+2.334500E-03
+1.313677E+03,+2.370462E-03
+1.361479E+03,+2.406822E-03
+1.409314E+03,+2.441506E-03
+1.457166E+03,+2.475686E-03
+1.505028E+03,+2.508462E-03
+1.552850E+03,+2.541869E-03
+1.600661E+03,+2.573017E-03
+1.648528E+03,+2.604902E-03
+1.696444E+03,+2.636628E-03
+1.744353E+03,+2.668429E-03
+1.792251E+03,+2.699825E-03
+1.840153E+03,+2.730230E-03
+1.888023E+03,+2.760903E-03
+1.935894E+03,+2.789905E-03
+1.995762E+03,+2.826097E-03

+2.092314E+03,+2.887301E-03

-8.732395E+02,-1.743364E-03
-8.381877E+02,-1.710171E-03
-7.909715E+02,-1.666376E-03
-7.431407E+02,-1.621209E-03
-6.952085E+02,-1.574017E-03
-6.472190E+02,-1.526360E-03
-5.992556E+02,-1.476638E-03
-5.514302E+02,-1.426762E-03
-5.036438E+02,-1.372827E-03
-4.557701E+02,-1.316974E-03
-4.078736E+02,-1.258372E-03
-3.600063E+02,-1.196966E-03
-3.121546E+02,-1.130529E-03
-2.644210E+02,-1.058655E-03
-2.166351E+02,-9.808129E-04
-1.688719E+02,-8.901040E-04
-1.209517E+02,-7.792563E-04
-7.288731E+01,-6.229174E-04
-2.509763E+01,-3.514549E-04
+2.265596E+01,+2.042828E-04
+7.045308E+01,+6.249313E-04
+1.183098E+02,+8.379114E-04
+1.662045E+02,+9.797415E-04
+2.140233E+02,+1.091172E-03
+2.618037E+02,+1.188154E-03
+3.096637E+02,+1.274663E-03
+3.573560E+02,+1.354733E-03
+4.052338E+02,+1.429637E-03
+4.531245E+02,+1.502091E-03
+5.008896E+02,+1.569487E-03
+5.486868E+02,+1.634554E-03
+5.965489E+02,+1.697007E-03
+6.443967E+02,+1.755918E-03
+6.921711E+02,+1.811679E-03
+7.400377E+02,+1.864732E-03
+7.877275E+02,+1.916348E-03
+8.355611E+02,+1.964210E-03
+8.833957E+02,+2.011070E-03
+9.312586E+02,+2.054991E-03
+9.790277E+02,+2.097451E-03
+1.026822E+03,+2.138301E-03
+1.074664E+03,+2.179166E-03
+1.122426E+03,+2.218642E-03
+1.170257E+03,+2.255662E-03
+1.218133E+03,+2.293558E-03
+1.265896E+03,+2.329070E-03
+1.313651E+03,+2.365589E-03
+1.361512E+03,+2.400097E-03
+1.409362E+03,+2.434763E-03
+1.457180E+03,+2.469573E-03
+1.505071E+03,+2.503839E-03
+1.552903E+03,+2.537852E-03
+1.600743E+03,+2.569267E-03
+1.648592E+03,+2.602417E-03
+1.696536E+03,+2.633456E-03
+1.744344E+03,+2.664385E-03
+1.792225E+03,+2.695175E-03
+1.840154E+03,+2.725793E-03
+1.888045E+03,+2.755906E-03
+1.947461E+03,+2.793784E-03

+2.092318E+03,+2.884981E-03

-9.212783E+02,-1.795426E-03
-8.860105E+02,-1.763078E-03
-8.387421E+02,-1.721515E-03
-7.908567E+02,-1.677173E-03
-7.429862E+02,-1.630679E-03
-6.951093E+02,-1.583463E-03
-6.471634E+02,-1.535028E-03
-5.992204E+02,-1.486100E-03
-5.514077E+02,-1.434548E-03
-5.035772E+02,-1.381261E-03
-4.556784E+02,-1.325688E-03
-4.078760E+02,-1.268402E-03
-3.600139E+02,-1.206528E-03
-3.120863E+02,-1.140518E-03
-2.643353E+02,-1.069916E-03
-2.165568E+02,-9.904258E-04
-1.689669E+02,-8.996850E-04
-1.207870E+02,-7.862689E-04
-7.289523E+01,-6.319617E-04
-2.506289E+01,-3.608727E-04
+2.267506E+01,+1.937165E-04
+7.057135E+01,+6.130265E-04
+1.183634E+02,+8.246071E-04
+1.662334E+02,+9.659020E-04
+2.139874E+02,+1.078648E-03
+2.618501E+02,+1.174912E-03
+3.096812E+02,+1.262261E-03
+3.574363E+02,+1.344019E-03
+4.052449E+02,+1.419077E-03
+4.531010E+02,+1.491156E-03
+5.009099E+02,+1.558278E-03
+5.487331E+02,+1.623233E-03
+5.965905E+02,+1.685047E-03
+6.443959E+02,+1.744273E-03
+6.922071E+02,+1.801079E-03
+7.400370E+02,+1.855521E-03
+7.878313E+02,+1.908673E-03
+8.356294E+02,+1.958805E-03
+8.833901E+02,+2.007167E-03
+9.312523E+02,+2.052425E-03
+9.790266E+02,+2.095105E-03
+1.026779E+03,+2.136005E-03
+1.074626E+03,+2.176336E-03
+1.122400E+03,+2.214901E-03
+1.170235E+03,+2.252128E-03
+1.218173E+03,+2.290254E-03
+1.265943E+03,+2.327152E-03
+1.313719E+03,+2.363828E-03
+1.361522E+03,+2.398775E-03
+1.409368E+03,+2.434066E-03
+1.457244E+03,+2.468835E-03
+1.505116E+03,+2.501725E-03
+1.552872E+03,+2.534914E-03
+1.600657E+03,+2.566712E-03
+1.648553E+03,+2.599380E-03
+1.696491E+03,+2.630186E-03
+1.744362E+03,+2.661680E-03
+1.792205E+03,+2.693495E-03
+1.840125E+03,+2.724173E-03
+1.900400E+03,+2.761723E-03

+2.092318E+03,+2.879249E-03

-9.682891E+02,-1.850316E-03
-9.337962E+02,-1.818696E-03
-8.865841E+02,-1.775959E-03
-8.387105E+02,-1.733289E-03
-7.907783E+02,-1.688364E-03
-7.428548E+02,-1.642109E-03
-6.949663E+02,-1.596096E-03
-6.470603E+02,-1.547915E-03
-5.991341E+02,-1.499176E-03
-5.512994E+02,-1.446741E-03
-5.034898E+02,-1.394273E-03
-4.556494E+02,-1.338008E-03
-4.078465E+02,-1.279578E-03
-3.599710E+02,-1.217597E-03
-3.120953E+02,-1.151103E-03
-2.643554E+02,-1.080932E-03
-2.165545E+02,-1.001675E-03
-1.690242E+02,-9.116830E-04
-1.206271E+02,-7.989843E-04
-7.284555E+01,-6.448109E-04
-2.504141E+01,-3.725932E-04
+2.269968E+01,+1.819483E-04
+7.051210E+01,+6.023506E-04
+1.183634E+02,+8.151345E-04
+1.662436E+02,+9.575452E-04
+2.140793E+02,+1.070639E-03
+2.618895E+02,+1.165816E-03
+3.097162E+02,+1.253006E-03
+3.574876E+02,+1.333556E-03
+4.052726E+02,+1.409718E-03
+4.531631E+02,+1.480995E-03
+5.009733E+02,+1.549215E-03
+5.487501E+02,+1.615792E-03
+5.965854E+02,+1.678139E-03
+6.444109E+02,+1.739189E-03
+6.921877E+02,+1.796569E-03
+7.400223E+02,+1.850944E-03
+7.878392E+02,+1.904074E-03
+8.355704E+02,+1.954516E-03
+8.833551E+02,+2.002887E-03
+9.312392E+02,+2.049135E-03
+9.790182E+02,+2.093968E-03
+1.026801E+03,+2.135559E-03
+1.074603E+03,+2.176943E-03
+1.122392E+03,+2.216736E-03
+1.170227E+03,+2.255162E-03
+1.218098E+03,+2.292897E-03
+1.265891E+03,+2.329102E-03
+1.313698E+03,+2.364906E-03
+1.361548E+03,+2.399573E-03
+1.409333E+03,+2.435483E-03
+1.457158E+03,+2.469059E-03
+1.505080E+03,+2.503122E-03
+1.552936E+03,+2.536716E-03
+1.600702E+03,+2.569803E-03
+1.648568E+03,+2.601682E-03
+1.696516E+03,+2.632038E-03
+1.744389E+03,+2.663609E-03
+1.792253E+03,+2.693603E-03
+1.852283E+03,+2.731833E-03

+2.092322E+03,+2.881548E-03

-1.016359E+03,-1.897510E-03
-9.816239E+02,-1.866851E-03
-9.343910E+02,-1.826914E-03
-8.864822E+02,-1.784223E-03
-8.385636E+02,-1.741620E-03
-7.907077E+02,-1.697436E-03
-7.427946E+02,-1.651916E-03
-6.949192E+02,-1.606552E-03
-6.470108E+02,-1.557966E-03
-5.990583E+02,-1.507732E-03
-5.512519E+02,-1.455848E-03
-5.034571E+02,-1.403121E-03
-4.556172E+02,-1.347015E-03
-4.077899E+02,-1.288490E-03
-3.599650E+02,-1.227900E-03
-3.121036E+02,-1.162452E-03
-2.643449E+02,-1.091567E-03
-2.165532E+02,-1.012146E-03
-1.690363E+02,-9.218856E-04
-1.205650E+02,-8.082959E-04
-7.281593E+01,-6.527100E-04
-2.497867E+01,-3.794647E-04
+2.276146E+01,+1.754421E-04
+7.054872E+01,+5.937984E-04
+1.183901E+02,+8.053631E-04
+1.662780E+02,+9.461085E-04
+2.140908E+02,+1.058253E-03
+2.618739E+02,+1.153990E-03
+3.097054E+02,+1.242163E-03
+3.574987E+02,+1.323304E-03
+4.052824E+02,+1.399545E-03
+4.531347E+02,+1.471361E-03
+5.009169E+02,+1.540104E-03
+5.487054E+02,+1.605736E-03
+5.965450E+02,+1.667580E-03
+6.443405E+02,+1.728155E-03
+6.921949E+02,+1.785015E-03
+7.400615E+02,+1.841218E-03
+7.878227E+02,+1.895045E-03
+8.356300E+02,+1.947304E-03
+8.834134E+02,+1.996272E-03
+9.312485E+02,+2.044186E-03
+9.790382E+02,+2.090107E-03
+1.026826E+03,+2.132151E-03
+1.074648E+03,+2.173096E-03
+1.122460E+03,+2.212253E-03
+1.170295E+03,+2.251541E-03
+1.218145E+03,+2.288604E-03
+1.265946E+03,+2.325412E-03
+1.313697E+03,+2.362772E-03
+1.361495E+03,+2.398243E-03
+1.409338E+03,+2.433329E-03
+1.457217E+03,+2.466711E-03
+1.505105E+03,+2.500782E-03
+1.552916E+03,+2.533173E-03
+1.600718E+03,+2.565820E-03
+1.648565E+03,+2.597306E-03
+1.696492E+03,+2.629140E-03
+1.744408E+03,+2.660774E-03
+1.804021E+03,+2.700610E-03

+2.092323E+03,+2.867193E-03

-1.064413E+03,-1.949174E-03
-1.029472E+03,-1.918851E-03
-9.822312E+02,-1.879219E-03
-9.342724E+02,-1.837301E-03
-8.863551E+02,-1.795565E-03
-8.384522E+02,-1.752103E-03
-7.906128E+02,-1.709310E-03
-7.427574E+02,-1.662634E-03
-6.948944E+02,-1.616414E-03
-6.469914E+02,-1.568174E-03
-5.990461E+02,-1.517783E-03
-5.512076E+02,-1.466365E-03
-5.034064E+02,-1.412714E-03
-4.555402E+02,-1.357638E-03
-4.077303E+02,-1.299069E-03
-3.598778E+02,-1.238521E-03
-3.120325E+02,-1.172998E-03
-2.642739E+02,-1.102424E-03
-2.164763E+02,-1.022810E-03
-1.689453E+02,-9.318877E-04
-1.204927E+02,-8.183249E-04
-7.275638E+01,-6.621951E-04
-2.495510E+01,-3.896715E-04
+2.277834E+01,+1.662481E-04
+7.059012E+01,+5.844161E-04
+1.183908E+02,+7.953431E-04
+1.662357E+02,+9.360816E-04
+2.140574E+02,+1.047773E-03
+2.618573E+02,+1.145315E-03
+3.096978E+02,+1.232086E-03
+3.574930E+02,+1.313671E-03
+4.052809E+02,+1.389577E-03
+4.531494E+02,+1.462934E-03
+5.009382E+02,+1.531319E-03
+5.487139E+02,+1.596639E-03
+5.965621E+02,+1.659318E-03
+6.443798E+02,+1.719743E-03
+6.921869E+02,+1.778142E-03
+7.400179E+02,+1.834079E-03
+7.877707E+02,+1.888241E-03
+8.355717E+02,+1.940797E-03
+8.833746E+02,+1.991775E-03
+9.312660E+02,+2.039589E-03
+9.790295E+02,+2.085822E-03
+1.026824E+03,+2.131201E-03
+1.074650E+03,+2.172600E-03
+1.122447E+03,+2.212712E-03
+1.170271E+03,+2.251069E-03
+1.218080E+03,+2.289613E-03
+1.265895E+03,+2.325998E-03
+1.313663E+03,+2.362247E-03
+1.361503E+03,+2.398436E-03
+1.409365E+03,+2.433217E-03
+1.457227E+03,+2.467762E-03
+1.505078E+03,+2.500743E-03
+1.552881E+03,+2.534051E-03
+1.600703E+03,+2.565305E-03
+1.648561E+03,+2.597285E-03
+1.696492E+03,+2.628322E-03
+1.755910E+03,+2.665869E-03

+2.092317E+03,+2.879830E-03

-1.112433E+03,-1.996453E-03
-1.077241E+03,-1.966599E-03
-1.030007E+03,-1.926889E-03
-9.820551E+02,-1.887144E-03
-9.341296E+02,-1.845614E-03
-8.862571E+02,-1.802608E-03
-8.383723E+02,-1.760174E-03
-7.905453E+02,-1.715851E-03
-7.426876E+02,-1.671275E-03
-6.948573E+02,-1.624155E-03
-6.469299E+02,-1.576781E-03
-5.989974E+02,-1.526765E-03
-5.512259E+02,-1.475324E-03
-5.034424E+02,-1.422016E-03
-4.555499E+02,-1.366021E-03
-4.077140E+02,-1.307867E-03
-3.598881E+02,-1.246102E-03
-3.120574E+02,-1.181232E-03
-2.643077E+02,-1.110510E-03
-2.164580E+02,-1.031601E-03
-1.688621E+02,-9.409470E-04
-1.205010E+02,-8.267581E-04
-7.275288E+01,-6.723361E-04
-2.496689E+01,-3.980046E-04
+2.275732E+01,+1.575630E-04
+7.056497E+01,+5.760971E-04
+1.184392E+02,+7.858272E-04
+1.662790E+02,+9.266965E-04
+2.141051E+02,+1.038291E-03
+2.619331E+02,+1.134245E-03
+3.097452E+02,+1.221435E-03
+3.575468E+02,+1.302264E-03
+4.053525E+02,+1.378741E-03
+4.531863E+02,+1.450497E-03
+5.009462E+02,+1.519582E-03
+5.487427E+02,+1.584921E-03
+5.965899E+02,+1.648076E-03
+6.444162E+02,+1.708431E-03
+6.922452E+02,+1.766996E-03
+7.400682E+02,+1.823336E-03
+7.878392E+02,+1.877391E-03
+8.356141E+02,+1.930509E-03
+8.834466E+02,+1.981364E-03
+9.312765E+02,+2.030922E-03
+9.790396E+02,+2.076947E-03
+1.026813E+03,+2.122641E-03
+1.074641E+03,+2.165985E-03
+1.122447E+03,+2.206712E-03
+1.170287E+03,+2.245849E-03
+1.218127E+03,+2.284450E-03
+1.265940E+03,+2.322211E-03
+1.313736E+03,+2.358501E-03
+1.361556E+03,+2.394817E-03
+1.409396E+03,+2.429327E-03
+1.457225E+03,+2.464231E-03
+1.505037E+03,+2.497351E-03
+1.552864E+03,+2.530186E-03
+1.600728E+03,+2.562824E-03
+1.648577E+03,+2.594760E-03
+1.708895E+03,+2.635149E-03

+2.092325E+03,+2.877530E-03

-1.159519E+03,-2.037546E-03
-1.125034E+03,-2.010067E-03
-1.077770E+03,-1.972335E-03
-1.029927E+03,-1.933195E-03
-9.820437E+02,-1.892823E-03
-9.340825E+02,-1.850518E-03
-8.862236E+02,-1.808610E-03
-8.383615E+02,-1.764813E-03
-7.905239E+02,-1.720566E-03
-7.426914E+02,-1.674844E-03
-6.948188E+02,-1.628917E-03
-6.469300E+02,-1.580996E-03
-5.990070E+02,-1.531707E-03
-5.511549E+02,-1.481304E-03
-5.033278E+02,-1.427171E-03
-4.555061E+02,-1.372670E-03
-4.077532E+02,-1.313551E-03
-3.598796E+02,-1.252946E-03
-3.120070E+02,-1.186795E-03
-2.642367E+02,-1.115489E-03
-2.164303E+02,-1.037526E-03
-1.688201E+02,-9.466691E-04
-1.205408E+02,-8.339495E-04
-7.277995E+01,-6.787282E-04
-2.497803E+01,-4.074457E-04
+2.277197E+01,+1.486560E-04
+7.060796E+01,+5.664461E-04
+1.184459E+02,+7.757457E-04
+1.663315E+02,+9.165959E-04
+2.141420E+02,+1.028003E-03
+2.619468E+02,+1.125086E-03
+3.097275E+02,+1.211436E-03
+3.575156E+02,+1.291328E-03
+4.053560E+02,+1.366901E-03
+4.531987E+02,+1.439193E-03
+5.009646E+02,+1.507814E-03
+5.487239E+02,+1.572598E-03
+5.965956E+02,+1.636696E-03
+6.444150E+02,+1.697948E-03
+6.922211E+02,+1.757349E-03
+7.400103E+02,+1.813449E-03
+7.878204E+02,+1.868733E-03
+8.356324E+02,+1.921328E-03
+8.834141E+02,+1.972352E-03
+9.312430E+02,+2.021502E-03
+9.790236E+02,+2.068474E-03
+1.026822E+03,+2.115121E-03
+1.074666E+03,+2.159298E-03
+1.122446E+03,+2.202089E-03
+1.170247E+03,+2.242852E-03
+1.218136E+03,+2.281904E-03
+1.265954E+03,+2.319289E-03
+1.313663E+03,+2.355105E-03
+1.361473E+03,+2.391424E-03
+1.409354E+03,+2.425697E-03
+1.457252E+03,+2.459756E-03
+1.505090E+03,+2.493225E-03
+1.552895E+03,+2.527465E-03
+1.600718E+03,+2.560386E-03
+1.660717E+03,+2.601499E-03

+2.092324E+03,+2.874576E-03

-1.207607E+03,-2.080824E-03
-1.172873E+03,-2.054020E-03
-1.125661E+03,-2.016943E-03
-1.077713E+03,-1.978932E-03
-1.029800E+03,-1.938919E-03
-9.818787E+02,-1.899055E-03
-9.339685E+02,-1.856797E-03
-8.861135E+02,-1.815436E-03
-8.382500E+02,-1.771919E-03
-7.904449E+02,-1.727557E-03
-7.426223E+02,-1.682716E-03
-6.947771E+02,-1.635949E-03
-6.468584E+02,-1.588683E-03
-5.989184E+02,-1.538898E-03
-5.511175E+02,-1.488331E-03
-5.033322E+02,-1.435477E-03
-4.554625E+02,-1.379443E-03
-4.076801E+02,-1.321118E-03
-3.598529E+02,-1.259605E-03
-3.119860E+02,-1.194699E-03
-2.642261E+02,-1.122342E-03
-2.164347E+02,-1.043863E-03
-1.688134E+02,-9.545199E-04
-1.205847E+02,-8.413978E-04
-7.274320E+01,-6.863097E-04
-2.491721E+01,-4.140659E-04
+2.280509E+01,+1.404833E-04
+7.061401E+01,+5.568439E-04
+1.184564E+02,+7.655831E-04
+1.662975E+02,+9.065166E-04
+2.141541E+02,+1.017406E-03
+2.619340E+02,+1.113808E-03
+3.097459E+02,+1.201111E-03
+3.575456E+02,+1.280578E-03
+4.053344E+02,+1.355933E-03
+4.531911E+02,+1.427137E-03
+5.009815E+02,+1.496898E-03
+5.488051E+02,+1.562200E-03
+5.966411E+02,+1.625185E-03
+6.444321E+02,+1.686470E-03
+6.922093E+02,+1.746299E-03
+7.400236E+02,+1.803236E-03
+7.878320E+02,+1.857382E-03
+8.356686E+02,+1.911281E-03
+8.834284E+02,+1.962145E-03
+9.312669E+02,+2.011938E-03
+9.790494E+02,+2.059221E-03
+1.026849E+03,+2.105783E-03
+1.074694E+03,+2.151258E-03
+1.122491E+03,+2.194823E-03
+1.170322E+03,+2.236957E-03
+1.218186E+03,+2.276105E-03
+1.265974E+03,+2.315104E-03
+1.313709E+03,+2.351573E-03
+1.361481E+03,+2.386842E-03
+1.409313E+03,+2.421844E-03
+1.457225E+03,+2.455539E-03
+1.505129E+03,+2.489725E-03
+1.552937E+03,+2.522700E-03
+1.612624E+03,+2.564862E-03

+2.092329E+03,+2.877237E-03

-1.255751E+03,-2.130988E-03
-1.220677E+03,-2.102668E-03
-1.173475E+03,-2.065392E-03
-1.125582E+03,-2.027725E-03
-1.077641E+03,-1.987808E-03
-1.029750E+03,-1.948702E-03
-9.817679E+02,-1.909117E-03
-9.338978E+02,-1.867865E-03
-8.860567E+02,-1.825963E-03
-8.382020E+02,-1.781826E-03
-7.904010E+02,-1.739360E-03
-7.425777E+02,-1.693089E-03
-6.947204E+02,-1.645781E-03
-6.468188E+02,-1.597614E-03
-5.989064E+02,-1.547893E-03
-5.510889E+02,-1.497131E-03
-5.032965E+02,-1.443357E-03
-4.554160E+02,-1.388515E-03
-4.076268E+02,-1.329992E-03
-3.598054E+02,-1.269142E-03
-3.119567E+02,-1.203393E-03
-2.642045E+02,-1.132390E-03
-2.164191E+02,-1.053627E-03
-1.686956E+02,-9.618870E-04
-1.205127E+02,-8.486382E-04
-7.273472E+01,-6.927568E-04
-2.493836E+01,-4.195409E-04
+2.281793E+01,+1.380774E-04
+7.061073E+01,+5.521815E-04
+1.185006E+02,+7.586442E-04
+1.663631E+02,+8.978629E-04
+2.141685E+02,+1.008640E-03
+2.619471E+02,+1.105305E-03
+3.097923E+02,+1.192056E-03
+3.575809E+02,+1.272781E-03
+4.053908E+02,+1.348433E-03
+4.532041E+02,+1.421082E-03
+5.009318E+02,+1.489804E-03
+5.487322E+02,+1.554810E-03
+5.966150E+02,+1.618512E-03
+6.444612E+02,+1.679739E-03
+6.922749E+02,+1.739121E-03
+7.400898E+02,+1.795830E-03
+7.878736E+02,+1.851607E-03
+8.356462E+02,+1.906127E-03
+8.834437E+02,+1.957600E-03
+9.312752E+02,+2.008388E-03
+9.790646E+02,+2.056451E-03
+1.026845E+03,+2.104880E-03
+1.074676E+03,+2.150208E-03
+1.122455E+03,+2.193089E-03
+1.170277E+03,+2.235764E-03
+1.218127E+03,+2.276264E-03
+1.265911E+03,+2.316124E-03
+1.313763E+03,+2.352440E-03
+1.361519E+03,+2.390160E-03
+1.409348E+03,+2.426236E-03
+1.457199E+03,+2.461200E-03
+1.505098E+03,+2.495456E-03
+1.564485E+03,+2.537039E-03

+2.092319E+03,+2.883252E-03

-1.303713E+03,-2.176243E-03
-1.268590E+03,-2.149294E-03
-1.221282E+03,-2.113414E-03
-1.173364E+03,-2.075515E-03
-1.125433E+03,-2.036140E-03
-1.077467E+03,-1.998140E-03
-1.029604E+03,-1.958065E-03
-9.817513E+02,-1.916838E-03
-9.338522E+02,-1.875733E-03
-8.860064E+02,-1.834022E-03
-8.381491E+02,-1.791742E-03
-7.903223E+02,-1.746976E-03
-7.425249E+02,-1.702083E-03
-6.946889E+02,-1.655411E-03
-6.468305E+02,-1.607296E-03
-5.988567E+02,-1.556618E-03
-5.510367E+02,-1.504931E-03
-5.032965E+02,-1.452041E-03
-4.554688E+02,-1.395637E-03
-4.076685E+02,-1.337461E-03
-3.598128E+02,-1.276179E-03
-3.119459E+02,-1.211273E-03
-2.641962E+02,-1.140267E-03
-2.164627E+02,-1.061382E-03
-1.686739E+02,-9.708738E-04
-1.205411E+02,-8.564140E-04
-7.270537E+01,-7.007606E-04
-2.492122E+01,-4.257989E-04
+2.279823E+01,+1.318834E-04
+7.063058E+01,+5.455697E-04
+1.184787E+02,+7.512869E-04
+1.663124E+02,+8.897175E-04
+2.141319E+02,+1.000881E-03
+2.619134E+02,+1.095960E-03
+3.097568E+02,+1.183245E-03
+3.576035E+02,+1.263330E-03
+4.053700E+02,+1.339669E-03
+4.531853E+02,+1.411734E-03
+5.009612E+02,+1.480579E-03
+5.487462E+02,+1.547026E-03
+5.965806E+02,+1.610147E-03
+6.444055E+02,+1.671678E-03
+6.922360E+02,+1.730444E-03
+7.400354E+02,+1.787399E-03
+7.878166E+02,+1.843081E-03
+8.356112E+02,+1.896752E-03
+8.834127E+02,+1.948941E-03
+9.312723E+02,+1.999456E-03
+9.790252E+02,+2.049793E-03
+1.026832E+03,+2.097083E-03
+1.074551E+03,+2.142491E-03
+1.122444E+03,+2.186280E-03
+1.170244E+03,+2.230300E-03
+1.218138E+03,+2.271730E-03
+1.265918E+03,+2.310638E-03
+1.313722E+03,+2.349365E-03
+1.361518E+03,+2.386306E-03
+1.409421E+03,+2.423272E-03
+1.456670E+03,+2.457263E-03
+1.517506E+03,+2.500964E-03

+2.092335E+03,+2.878708E-03

-1.350813E+03,-2.213618E-03
-1.316313E+03,-2.185492E-03
-1.269150E+03,-2.150483E-03
-1.221192E+03,-2.114523E-03
-1.173228E+03,-2.076518E-03
-1.125323E+03,-2.039301E-03
-1.077412E+03,-2.000491E-03
-1.029552E+03,-1.962115E-03
-9.817149E+02,-1.921248E-03
-9.338167E+02,-1.878706E-03
-8.859571E+02,-1.836215E-03
-8.381264E+02,-1.793427E-03
-7.903319E+02,-1.750141E-03
-7.424704E+02,-1.703488E-03
-6.945951E+02,-1.657212E-03
-6.467261E+02,-1.609855E-03
-5.988288E+02,-1.561102E-03
-5.510416E+02,-1.508779E-03
-5.032776E+02,-1.455198E-03
-4.560155E+02,-1.400852E-03
-4.076526E+02,-1.341538E-03
-3.597404E+02,-1.279276E-03
-3.119054E+02,-1.213598E-03
-2.641578E+02,-1.143478E-03
-2.164899E+02,-1.064913E-03
-1.685186E+02,-9.741027E-04
-1.205041E+02,-8.610096E-04
-7.272041E+01,-7.060154E-04
-2.499320E+01,-4.322565E-04
+2.281120E+01,+1.266706E-04
+7.063988E+01,+5.371798E-04
+1.185166E+02,+7.423090E-04
+1.663793E+02,+8.805255E-04
+2.141785E+02,+9.909116E-04
+2.619542E+02,+1.085218E-03
+3.097595E+02,+1.171432E-03
+3.575291E+02,+1.251329E-03
+4.053937E+02,+1.326631E-03
+4.532011E+02,+1.398874E-03
+5.010083E+02,+1.467537E-03
+5.487643E+02,+1.534440E-03
+5.965658E+02,+1.597404E-03
+6.444477E+02,+1.659405E-03
+6.922433E+02,+1.718855E-03
+7.400532E+02,+1.775254E-03
+7.878287E+02,+1.831253E-03
+8.356361E+02,+1.884720E-03
+8.834347E+02,+1.937367E-03
+9.313168E+02,+1.987501E-03
+9.790891E+02,+2.037199E-03
+1.026823E+03,+2.085860E-03
+1.074648E+03,+2.131721E-03
+1.122455E+03,+2.176392E-03
+1.170274E+03,+2.218936E-03
+1.218132E+03,+2.261759E-03
+1.265919E+03,+2.301622E-03
+1.313725E+03,+2.339979E-03
+1.361532E+03,+2.378411E-03
+1.409393E+03,+2.415335E-03
+1.469352E+03,+2.460532E-03

+2.092328E+03,+2.875732E-03

-1.398908E+03,-2.252503E-03
-1.364112E+03,-2.226242E-03
-1.316924E+03,-2.191798E-03
-1.269067E+03,-2.156615E-03
-1.221052E+03,-2.118740E-03
-1.173124E+03,-2.081160E-03
-1.125265E+03,-2.042112E-03
-1.077302E+03,-2.004389E-03
-1.029581E+03,-1.964598E-03
-9.816734E+02,-1.924707E-03
-9.337830E+02,-1.883479E-03
-8.859605E+02,-1.841933E-03
-8.380841E+02,-1.798692E-03
-7.903058E+02,-1.753961E-03
-7.424912E+02,-1.708647E-03
-6.946345E+02,-1.661812E-03
-6.467781E+02,-1.613722E-03
-5.988303E+02,-1.563443E-03
-5.510135E+02,-1.513400E-03
-5.032556E+02,-1.460093E-03
-4.554080E+02,-1.405384E-03
-4.076066E+02,-1.347700E-03
-3.597273E+02,-1.286065E-03
-3.118638E+02,-1.220045E-03
-2.641057E+02,-1.148478E-03
-2.165629E+02,-1.069916E-03
-1.684575E+02,-9.777802E-04
-1.205286E+02,-8.652364E-04
-7.271677E+01,-7.108247E-04
-2.493283E+01,-4.386437E-04
+2.282169E+01,+1.185672E-04
+7.062440E+01,+5.282058E-04
+1.184730E+02,+7.309961E-04
+1.663467E+02,+8.702712E-04
+2.141411E+02,+9.804346E-04
+2.619794E+02,+1.076451E-03
+3.098084E+02,+1.161875E-03
+3.575660E+02,+1.241921E-03
+4.054027E+02,+1.317030E-03
+4.532049E+02,+1.388567E-03
+5.009930E+02,+1.456867E-03
+5.487837E+02,+1.523157E-03
+5.966511E+02,+1.587281E-03
+6.444501E+02,+1.648557E-03
+6.922678E+02,+1.708832E-03
+7.400899E+02,+1.766124E-03
+7.878766E+02,+1.822092E-03
+8.356742E+02,+1.875165E-03
+8.834402E+02,+1.927653E-03
+9.312908E+02,+1.978530E-03
+9.790516E+02,+2.027990E-03
+1.026824E+03,+2.076830E-03
+1.074684E+03,+2.123401E-03
+1.122437E+03,+2.169473E-03
+1.170242E+03,+2.212528E-03
+1.218120E+03,+2.255461E-03
+1.265963E+03,+2.296247E-03
+1.313720E+03,+2.335566E-03
+1.361537E+03,+2.374307E-03
+1.421196E+03,+2.422827E-03

+2.092337E+03,+2.870033E-03

-1.447052E+03,-2.286927E-03
-1.411995E+03,-2.259904E-03
-1.364752E+03,-2.227169E-03
-1.316870E+03,-2.191771E-03
-1.268967E+03,-2.156663E-03
-1.220942E+03,-2.119451E-03
-1.173061E+03,-2.082727E-03
-1.125173E+03,-2.043495E-03
-1.077337E+03,-2.004932E-03
-1.029466E+03,-1.965177E-03
-9.815980E+02,-1.924473E-03
-9.337561E+02,-1.884730E-03
-8.859101E+02,-1.842655E-03
-8.380629E+02,-1.799966E-03
-7.902515E+02,-1.755607E-03
-7.424348E+02,-1.710843E-03
-6.946074E+02,-1.663194E-03
-6.467287E+02,-1.614779E-03
-5.987619E+02,-1.564890E-03
-5.509843E+02,-1.514857E-03
-5.032133E+02,-1.462546E-03
-4.553503E+02,-1.406786E-03
-4.075524E+02,-1.350024E-03
-3.597319E+02,-1.288393E-03
-3.118656E+02,-1.222991E-03
-2.641167E+02,-1.151235E-03
-2.166353E+02,-1.073389E-03
-1.683115E+02,-9.817062E-04
-1.204864E+02,-8.691933E-04
-7.268445E+01,-7.150616E-04
-2.486063E+01,-4.414314E-04
+2.287299E+01,+1.142521E-04
+7.068718E+01,+5.211093E-04
+1.185251E+02,+7.227345E-04
+1.663571E+02,+8.607267E-04
+2.141830E+02,+9.704357E-04
+2.619830E+02,+1.065719E-03
+3.098029E+02,+1.150798E-03
+3.576078E+02,+1.230782E-03
+4.054380E+02,+1.305133E-03
+4.532463E+02,+1.376051E-03
+5.010237E+02,+1.444972E-03
+5.488028E+02,+1.510944E-03
+5.966036E+02,+1.574952E-03
+6.444553E+02,+1.635607E-03
+6.923008E+02,+1.696160E-03
+7.400528E+02,+1.752271E-03
+7.878266E+02,+1.807603E-03
+8.356193E+02,+1.861499E-03
+8.834373E+02,+1.913997E-03
+9.313196E+02,+1.964867E-03
+9.791134E+02,+2.014431E-03
+1.026868E+03,+2.063238E-03
+1.074648E+03,+2.110164E-03
+1.122456E+03,+2.156070E-03
+1.170277E+03,+2.199019E-03
+1.218165E+03,+2.241559E-03
+1.265955E+03,+2.282853E-03
+1.313715E+03,+2.322862E-03
+1.373036E+03,+2.373448E-03

+2.092334E+03,+2.861574E-03

-1.495022E+03,-2.323898E-03
-1.459786E+03,-2.297894E-03
-1.412565E+03,-2.264786E-03
-1.364655E+03,-2.229487E-03
-1.316728E+03,-2.194049E-03
-1.268861E+03,-2.157341E-03
-1.220880E+03,-2.120942E-03
-1.172979E+03,-2.084249E-03
-1.125074E+03,-2.046489E-03
-1.077256E+03,-2.008213E-03
-1.029455E+03,-1.969479E-03
-9.816253E+02,-1.929767E-03
-9.337184E+02,-1.888237E-03
-8.858670E+02,-1.845750E-03
-8.380348E+02,-1.802568E-03
-7.902576E+02,-1.758895E-03
-7.424309E+02,-1.713264E-03
-6.945828E+02,-1.667572E-03
-6.467134E+02,-1.620155E-03
-5.987880E+02,-1.571464E-03
-5.509899E+02,-1.520194E-03
-5.032010E+02,-1.466443E-03
-4.553671E+02,-1.411405E-03
-4.075590E+02,-1.352117E-03
-3.597376E+02,-1.291609E-03
-3.119145E+02,-1.226490E-03
-2.641387E+02,-1.156381E-03
-2.166735E+02,-1.078321E-03
-1.681882E+02,-9.876458E-04
-1.204840E+02,-8.756535E-04
-7.267347E+01,-7.204663E-04
-2.486969E+01,-4.469372E-04
+2.281512E+01,+1.087413E-04
+7.065395E+01,+5.143987E-04
+1.185394E+02,+7.158165E-04
+1.663819E+02,+8.523071E-04
+2.141827E+02,+9.613442E-04
+2.619885E+02,+1.055398E-03
+3.098330E+02,+1.141303E-03
+3.575731E+02,+1.220989E-03
+4.054052E+02,+1.296046E-03
+4.532181E+02,+1.368229E-03
+5.009820E+02,+1.436787E-03
+5.488153E+02,+1.502509E-03
+5.966428E+02,+1.564817E-03
+6.444663E+02,+1.626326E-03
+6.922985E+02,+1.684571E-03
+7.400818E+02,+1.741794E-03
+7.878462E+02,+1.797709E-03
+8.356421E+02,+1.852294E-03
+8.834485E+02,+1.905480E-03
+9.312753E+02,+1.956217E-03
+9.790386E+02,+2.006735E-03
+1.026840E+03,+2.054624E-03
+1.074697E+03,+2.100743E-03
+1.122453E+03,+2.145557E-03
+1.170256E+03,+2.190016E-03
+1.218129E+03,+2.232678E-03
+1.265954E+03,+2.274706E-03
+1.326051E+03,+2.327476E-03

+2.092330E+03,+2.856905E-03

-1.541958E+03,-2.357806E-03
-1.507540E+03,-2.332884E-03
-1.460344E+03,-2.300337E-03
-1.412422E+03,-2.266557E-03
-1.364477E+03,-2.231330E-03
-1.316608E+03,-2.197447E-03
-1.268740E+03,-2.160808E-03
-1.220814E+03,-2.123761E-03
-1.172957E+03,-2.086072E-03
-1.125080E+03,-2.049092E-03
-1.077213E+03,-2.010587E-03
-1.029422E+03,-1.971826E-03
-9.815351E+02,-1.932310E-03
-9.336586E+02,-1.891454E-03
-8.858871E+02,-1.850193E-03
-8.380263E+02,-1.806191E-03
-7.901817E+02,-1.762013E-03
-7.423989E+02,-1.716216E-03
-6.945602E+02,-1.670352E-03
-6.466415E+02,-1.622442E-03
-5.987623E+02,-1.574113E-03
-5.509756E+02,-1.523600E-03
-5.031877E+02,-1.470499E-03
-4.553410E+02,-1.416464E-03
-4.075280E+02,-1.357476E-03
-3.596827E+02,-1.296160E-03
-3.118527E+02,-1.230260E-03
-2.641045E+02,-1.160611E-03
-2.166631E+02,-1.082560E-03
-1.682461E+02,-9.914145E-04
-1.205196E+02,-8.799927E-04
-7.265573E+01,-7.255427E-04
-2.484221E+01,-4.526307E-04
+2.287169E+01,+1.032289E-04
+7.071105E+01,+5.076498E-04
+1.185817E+02,+7.082966E-04
+1.664405E+02,+8.444651E-04
+2.142242E+02,+9.540679E-04
+2.619823E+02,+1.047507E-03
+3.098408E+02,+1.132962E-03
+3.575974E+02,+1.212079E-03
+4.054410E+02,+1.285759E-03
+4.532711E+02,+1.357655E-03
+5.010516E+02,+1.425788E-03
+5.488392E+02,+1.492110E-03
+5.966370E+02,+1.554432E-03
+6.444281E+02,+1.616608E-03
+6.922617E+02,+1.675374E-03
+7.401040E+02,+1.731825E-03
+7.878466E+02,+1.787460E-03
+8.356340E+02,+1.841144E-03
+8.834518E+02,+1.893998E-03
+9.312798E+02,+1.944992E-03
+9.790502E+02,+1.995281E-03
+1.026872E+03,+2.043410E-03
+1.074637E+03,+2.090786E-03
+1.122445E+03,+2.135664E-03
+1.170271E+03,+2.179451E-03
+1.218200E+03,+2.221903E-03
+1.278003E+03,+2.276450E-03

+2.092339E+03,+2.847974E-03

-1.590011E+03,-2.390424E-03
-1.555306E+03,-2.366218E-03
-1.508129E+03,-2.333929E-03
-1.460297E+03,-2.299461E-03
-1.412340E+03,-2.266528E-03
-1.364434E+03,-2.231636E-03
-1.316578E+03,-2.197369E-03
-1.268709E+03,-2.161268E-03
-1.220765E+03,-2.125734E-03
-1.172869E+03,-2.088306E-03
-1.125035E+03,-2.050862E-03
-1.077152E+03,-2.011611E-03
-1.029363E+03,-1.971660E-03
-9.815529E+02,-1.932604E-03
-9.336188E+02,-1.891972E-03
-8.858070E+02,-1.851017E-03
-8.379806E+02,-1.807543E-03
-7.901683E+02,-1.764501E-03
-7.423553E+02,-1.719488E-03
-6.945251E+02,-1.672881E-03
-6.466598E+02,-1.624712E-03
-5.987586E+02,-1.575822E-03
-5.509494E+02,-1.526012E-03
-5.031987E+02,-1.473391E-03
-4.553255E+02,-1.418947E-03
-4.075233E+02,-1.361130E-03
-3.597071E+02,-1.300350E-03
-3.118430E+02,-1.234891E-03
-2.640780E+02,-1.164423E-03
-2.166311E+02,-1.085912E-03
-1.682212E+02,-9.951792E-04
-1.205018E+02,-8.836256E-04
-7.267445E+01,-7.297705E-04
-2.485772E+01,-4.574473E-04
+2.289201E+01,+9.773346E-05
+7.069875E+01,+5.006049E-04
+1.185430E+02,+6.998138E-04
+1.664262E+02,+8.359821E-04
+2.141999E+02,+9.453839E-04
+2.619914E+02,+1.039209E-03
+3.098468E+02,+1.124388E-03
+3.576248E+02,+1.202710E-03
+4.054520E+02,+1.277090E-03
+4.532912E+02,+1.348210E-03
+5.010533E+02,+1.416835E-03
+5.488437E+02,+1.481442E-03
+5.966877E+02,+1.544957E-03
+6.444983E+02,+1.606453E-03
+6.922946E+02,+1.664855E-03
+7.401034E+02,+1.721519E-03
+7.878676E+02,+1.776435E-03
+8.356441E+02,+1.831076E-03
+8.834393E+02,+1.883094E-03
+9.312410E+02,+1.934850E-03
+9.790672E+02,+1.984268E-03
+1.026839E+03,+2.033189E-03
+1.074668E+03,+2.079750E-03
+1.122458E+03,+2.125467E-03
+1.170254E+03,+2.169270E-03
+1.230019E+03,+2.225319E-03

+2.092340E+03,+2.841599E-03

-1.638081E+03,-2.422441E-03
-1.603083E+03,-2.399389E-03
-1.555900E+03,-2.367641E-03
-1.508050E+03,-2.334497E-03
-1.460134E+03,-2.299779E-03
-1.412225E+03,-2.266477E-03
-1.364295E+03,-2.231381E-03
-1.316473E+03,-2.196403E-03
-1.268641E+03,-2.160830E-03
-1.220678E+03,-2.125920E-03
-1.172849E+03,-2.089359E-03
-1.125061E+03,-2.052006E-03
-1.077176E+03,-2.014121E-03
-1.029309E+03,-1.974110E-03
-9.814701E+02,-1.934914E-03
-9.336167E+02,-1.893811E-03
-8.857937E+02,-1.852741E-03
-8.379519E+02,-1.809564E-03
-7.901339E+02,-1.767125E-03
-7.423553E+02,-1.722746E-03
-6.945019E+02,-1.676355E-03
-6.465967E+02,-1.628537E-03
-5.986906E+02,-1.579237E-03
-5.509523E+02,-1.528561E-03
-5.031671E+02,-1.475898E-03
-4.552754E+02,-1.421531E-03
-4.074751E+02,-1.363855E-03
-3.597187E+02,-1.304169E-03
-3.118132E+02,-1.238599E-03
-2.640411E+02,-1.168666E-03
-2.165836E+02,-1.090818E-03
-1.682574E+02,-9.995405E-04
-1.204609E+02,-8.877327E-04
-7.264468E+01,-7.337546E-04
-2.484960E+01,-4.611359E-04
+2.289012E+01,+9.381323E-05
+7.068848E+01,+4.947766E-04
+1.185607E+02,+6.930465E-04
+1.664220E+02,+8.284293E-04
+2.142243E+02,+9.378405E-04
+2.620263E+02,+1.031373E-03
+3.098301E+02,+1.117014E-03
+3.575970E+02,+1.196284E-03
+4.054330E+02,+1.270238E-03
+4.532923E+02,+1.341211E-03
+5.010520E+02,+1.407950E-03
+5.488128E+02,+1.473153E-03
+5.966540E+02,+1.535483E-03
+6.444753E+02,+1.597093E-03
+6.922843E+02,+1.656252E-03
+7.400667E+02,+1.713581E-03
+7.878453E+02,+1.768552E-03
+8.356609E+02,+1.822786E-03
+8.834337E+02,+1.874225E-03
+9.312792E+02,+1.923683E-03
+9.790532E+02,+1.973628E-03
+1.026819E+03,+2.022235E-03
+1.074690E+03,+2.069436E-03
+1.122495E+03,+2.114433E-03
+1.181891E+03,+2.171558E-03

+2.092339E+03,+2.831137E-03

-1.686027E+03,-2.453526E-03
-1.650918E+03,-2.428558E-03
-1.603728E+03,-2.398154E-03
-1.555870E+03,-2.366125E-03
-1.507975E+03,-2.334250E-03
-1.460036E+03,-2.300539E-03
-1.412151E+03,-2.268253E-03
-1.364285E+03,-2.233403E-03
-1.316453E+03,-2.197634E-03
-1.268608E+03,-2.162471E-03
-1.220667E+03,-2.126479E-03
-1.172819E+03,-2.089996E-03
-1.125007E+03,-2.051749E-03
-1.077129E+03,-2.014353E-03
-1.029297E+03,-1.976177E-03
-9.814686E+02,-1.937192E-03
-9.336000E+02,-1.895401E-03
-8.857573E+02,-1.854149E-03
-8.379581E+02,-1.811517E-03
-7.901611E+02,-1.768071E-03
-7.423079E+02,-1.723391E-03
-6.944907E+02,-1.677117E-03
-6.465845E+02,-1.631053E-03
-5.986900E+02,-1.582242E-03
-5.508935E+02,-1.532494E-03
-5.031228E+02,-1.480029E-03
-4.552919E+02,-1.425518E-03
-4.075186E+02,-1.367547E-03
-3.596877E+02,-1.306883E-03
-3.118281E+02,-1.242199E-03
-2.640786E+02,-1.171747E-03
-2.165393E+02,-1.095290E-03
-1.682302E+02,-1.004585E-03
-1.204736E+02,-8.943834E-04
-7.260005E+01,-7.391131E-04
-2.480167E+01,-4.674960E-04
+2.294086E+01,+8.692872E-05
+7.068032E+01,+4.886793E-04
+1.185405E+02,+6.872356E-04
+1.664169E+02,+8.226274E-04
+2.142197E+02,+9.302744E-04
+2.620000E+02,+1.023983E-03
+3.098195E+02,+1.108043E-03
+3.576119E+02,+1.186797E-03
+4.054823E+02,+1.260882E-03
+4.533083E+02,+1.332320E-03
+5.010466E+02,+1.399690E-03
+5.488108E+02,+1.464793E-03
+5.966328E+02,+1.528223E-03
+6.444766E+02,+1.589050E-03
+6.922871E+02,+1.646817E-03
+7.400997E+02,+1.703428E-03
+7.878542E+02,+1.758852E-03
+8.356224E+02,+1.811870E-03
+8.834908E+02,+1.864640E-03
+9.312908E+02,+1.915441E-03
+9.790915E+02,+1.965805E-03
+1.026874E+03,+2.014980E-03
+1.074715E+03,+2.061165E-03
+1.134824E+03,+2.119596E-03

+2.092345E+03,+2.829825E-03

-1.733177E+03,-2.486007E-03
-1.698683E+03,-2.462414E-03
-1.651511E+03,-2.431682E-03
-1.603599E+03,-2.398919E-03
-1.555709E+03,-2.367413E-03
-1.507828E+03,-2.335047E-03
-1.459950E+03,-2.302351E-03
-1.412068E+03,-2.268677E-03
-1.364215E+03,-2.234105E-03
-1.316388E+03,-2.199560E-03
-1.268582E+03,-2.163480E-03
-1.220642E+03,-2.127590E-03
-1.172742E+03,-2.089880E-03
-1.124902E+03,-2.052322E-03
-1.077077E+03,-2.014817E-03
-1.029248E+03,-1.976120E-03
-9.814016E+02,-1.936912E-03
-9.335325E+02,-1.896591E-03
-8.857343E+02,-1.856325E-03
-8.379398E+02,-1.813278E-03
-7.901406E+02,-1.769710E-03
-7.423297E+02,-1.724433E-03
-6.945064E+02,-1.678853E-03
-6.466355E+02,-1.631576E-03
-5.987103E+02,-1.581677E-03
-5.509003E+02,-1.531830E-03
-5.031150E+02,-1.479679E-03
-4.552322E+02,-1.425766E-03
-4.074483E+02,-1.367421E-03
-3.596426E+02,-1.307752E-03
-3.118126E+02,-1.243482E-03
-2.640712E+02,-1.173005E-03
-2.164851E+02,-1.094862E-03
-1.682328E+02,-1.003617E-03
-1.204370E+02,-8.930097E-04
-7.259749E+01,-7.399603E-04
-2.483672E+01,-4.699498E-04
+2.287655E+01,+7.981810E-05
+7.068517E+01,+4.787251E-04
+1.185556E+02,+6.759300E-04
+1.664091E+02,+8.103772E-04
+2.141946E+02,+9.177711E-04
+2.619981E+02,+1.012190E-03
+3.098562E+02,+1.096905E-03
+3.576536E+02,+1.175655E-03
+4.054490E+02,+1.248872E-03
+4.533103E+02,+1.319700E-03
+5.010672E+02,+1.386448E-03
+5.488534E+02,+1.451027E-03
+5.966923E+02,+1.514193E-03
+6.444927E+02,+1.574659E-03
+6.923182E+02,+1.634480E-03
+7.401026E+02,+1.691553E-03
+7.878291E+02,+1.747684E-03
+8.356527E+02,+1.800935E-03
+8.834585E+02,+1.853850E-03
+9.312927E+02,+1.904608E-03
+9.790679E+02,+1.953907E-03
+1.026863E+03,+2.002446E-03
+1.086744E+03,+2.063715E-03

+2.092345E+03,+2.813881E-03

-1.781238E+03,-2.507601E-03
-1.746563E+03,-2.484251E-03
-1.699339E+03,-2.454036E-03
-1.651453E+03,-2.423574E-03
-1.603476E+03,-2.392126E-03
-1.555598E+03,-2.360246E-03
-1.507776E+03,-2.328702E-03
-1.459907E+03,-2.294665E-03
-1.412032E+03,-2.261275E-03
-1.364216E+03,-2.226436E-03
-1.316378E+03,-2.191824E-03
-1.268542E+03,-2.156050E-03
-1.220564E+03,-2.119841E-03
-1.172726E+03,-2.084735E-03
-1.124889E+03,-2.047444E-03
-1.077057E+03,-2.009912E-03
-1.029223E+03,-1.970110E-03
-9.813880E+02,-1.931951E-03
-9.335428E+02,-1.890648E-03
-8.857245E+02,-1.849110E-03
-8.379047E+02,-1.806629E-03
-7.900831E+02,-1.763830E-03
-7.422991E+02,-1.719606E-03
-6.944545E+02,-1.674094E-03
-6.465550E+02,-1.628070E-03
-5.986982E+02,-1.579577E-03
-5.508867E+02,-1.529943E-03
-5.031360E+02,-1.477197E-03
-4.552532E+02,-1.422922E-03
-4.074502E+02,-1.365763E-03
-3.596422E+02,-1.305258E-03
-3.117916E+02,-1.241014E-03
-2.640587E+02,-1.171746E-03
-2.164656E+02,-1.096355E-03
-1.682390E+02,-1.006065E-03
-1.204599E+02,-8.967603E-04
-7.261300E+01,-7.439790E-04
-2.482960E+01,-4.755805E-04
+2.292556E+01,+7.248056E-05
+7.074078E+01,+4.715347E-04
+1.185669E+02,+6.678007E-04
+1.664256E+02,+8.024434E-04
+2.142291E+02,+9.093580E-04
+2.620399E+02,+1.001947E-03
+3.098680E+02,+1.085207E-03
+3.576385E+02,+1.164001E-03
+4.055001E+02,+1.237396E-03
+4.533119E+02,+1.307780E-03
+5.010404E+02,+1.375171E-03
+5.488241E+02,+1.439748E-03
+5.966544E+02,+1.502349E-03
+6.444656E+02,+1.561654E-03
+6.922959E+02,+1.620719E-03
+7.400716E+02,+1.676085E-03
+7.878557E+02,+1.731547E-03
+8.356480E+02,+1.784754E-03
+8.834598E+02,+1.838006E-03
+9.313025E+02,+1.889296E-03
+9.790533E+02,+1.939357E-03
+1.038726E+03,+2.002952E-03

+2.092340E+03,+2.815001E-03

-1.829209E+03,-2.542869E-03
-1.794307E+03,-2.519682E-03
-1.747168E+03,-2.489417E-03
-1.699214E+03,-2.459679E-03
-1.651304E+03,-2.427584E-03
-1.603397E+03,-2.396558E-03
-1.555546E+03,-2.363853E-03
-1.507673E+03,-2.331059E-03
-1.459827E+03,-2.297862E-03
-1.412008E+03,-2.264587E-03
-1.364137E+03,-2.230691E-03
-1.316299E+03,-2.195838E-03
-1.268522E+03,-2.161854E-03
-1.220598E+03,-2.126220E-03
-1.172706E+03,-2.090459E-03
-1.124840E+03,-2.051947E-03
-1.077014E+03,-2.014769E-03
-1.029228E+03,-1.975367E-03
-9.813910E+02,-1.935832E-03
-9.335218E+02,-1.895551E-03
-8.857041E+02,-1.855122E-03
-8.378510E+02,-1.813548E-03
-7.900782E+02,-1.769828E-03
-7.422635E+02,-1.726195E-03
-6.944513E+02,-1.680215E-03
-6.465903E+02,-1.632698E-03
-5.986677E+02,-1.583526E-03
-5.508783E+02,-1.533856E-03
-5.031206E+02,-1.482032E-03
-4.552472E+02,-1.428198E-03
-4.074751E+02,-1.371629E-03
-3.596364E+02,-1.311329E-03
-3.117645E+02,-1.246894E-03
-2.640017E+02,-1.176897E-03
-2.164123E+02,-1.100362E-03
-1.681906E+02,-1.008907E-03
-1.204268E+02,-8.990914E-04
-7.259296E+01,-7.470840E-04
-2.476509E+01,-4.781610E-04
+2.292762E+01,+6.951270E-05
+7.071718E+01,+4.649681E-04
+1.185840E+02,+6.605397E-04
+1.664604E+02,+7.950847E-04
+2.142601E+02,+9.021885E-04
+2.620295E+02,+9.953412E-04
+3.098404E+02,+1.078794E-03
+3.576053E+02,+1.157116E-03
+4.054714E+02,+1.229581E-03
+4.533278E+02,+1.299119E-03
+5.010636E+02,+1.366349E-03
+5.488244E+02,+1.431385E-03
+5.966661E+02,+1.493460E-03
+6.444914E+02,+1.554111E-03
+6.923049E+02,+1.612646E-03
+7.401211E+02,+1.668341E-03
+7.878757E+02,+1.723308E-03
+8.356237E+02,+1.775596E-03
+8.834517E+02,+1.828091E-03
+9.313447E+02,+1.877981E-03
+9.907004E+02,+1.940437E-03

+2.092350E+03,+2.790193E-03

-1.877249E+03,-2.556218E-03
-1.842103E+03,-2.535032E-03
-1.794932E+03,-2.505557E-03
-1.747021E+03,-2.474085E-03
-1.699071E+03,-2.444153E-03
-1.651187E+03,-2.412515E-03
-1.603336E+03,-2.381398E-03
-1.555525E+03,-2.349609E-03
-1.507656E+03,-2.318144E-03
-1.459848E+03,-2.285039E-03
-1.411992E+03,-2.251248E-03
-1.364115E+03,-2.216854E-03
-1.316291E+03,-2.181733E-03
-1.268460E+03,-2.146851E-03
-1.220531E+03,-2.110243E-03
-1.172719E+03,-2.075073E-03
-1.124849E+03,-2.037828E-03
-1.076999E+03,-2.000999E-03
-1.029186E+03,-1.963134E-03
-9.813394E+02,-1.923579E-03
-9.334634E+02,-1.882669E-03
-8.856660E+02,-1.841428E-03
-8.378520E+02,-1.799584E-03
-7.900611E+02,-1.755518E-03
-7.422501E+02,-1.712032E-03
-6.944098E+02,-1.666640E-03
-6.465542E+02,-1.620775E-03
-5.986637E+02,-1.572142E-03
-5.508374E+02,-1.522473E-03
-5.030869E+02,-1.470516E-03
-4.552382E+02,-1.416458E-03
-4.074275E+02,-1.358837E-03
-3.596637E+02,-1.298812E-03
-3.117997E+02,-1.235456E-03
-2.640651E+02,-1.165676E-03
-2.164361E+02,-1.090558E-03
-1.682416E+02,-1.000927E-03
-1.204422E+02,-8.913547E-04
-7.257342E+01,-7.392116E-04
-2.477622E+01,-4.711968E-04
+2.295548E+01,+7.175622E-05
+7.077561E+01,+4.579427E-04
+1.186217E+02,+6.475596E-04
+1.664938E+02,+7.786630E-04
+2.142714E+02,+8.832472E-04
+2.620444E+02,+9.749528E-04
+3.098682E+02,+1.057033E-03
+3.576532E+02,+1.134215E-03
+4.054759E+02,+1.206981E-03
+4.533146E+02,+1.277177E-03
+5.011094E+02,+1.343536E-03
+5.488408E+02,+1.406808E-03
+5.966444E+02,+1.468374E-03
+6.444821E+02,+1.527137E-03
+6.922925E+02,+1.584829E-03
+7.401107E+02,+1.640488E-03
+7.878594E+02,+1.695672E-03
+8.356189E+02,+1.747982E-03
+8.834963E+02,+1.799616E-03
+9.436090E+02,+1.863823E-03

MicroMag 2900/3900 Data File ends
