MicroMag 2900/3900 Data File (Series 0015)
First-order reversal curves
Configuration   :  AGM
Hardware version:  0004
Software version:  01/23/2008
Units of measure:  cgs
Temperature in  :  Kelvin
04/07/2008  14:18
""

Averaging time = +1.000000E-01
Hb1            = -5.000000E+02
Hb2            = +5.000000E+02
Hc1            =  0.000000E+00
Hc2            = +1.200000E+03
HCal           = +2.091594E+03
HNcr           = +4.782613E+01
HSat           = +3.000000E+03
NCrv           = 55
PauseCal       = +1.000000E+00
PauseNtl       = +1.000000E+00
PauseSat       = +1.000000E+00
SlewRate       = +1.000000E+04
Smoothing      = 3

Field range    = +2.100000E+03
Moment range   = +1.000000E-03
Temperature    = N/A
Orientation    = N/A
Elapsed time   = +7.330093E+02
Slope corr.    = N/A
Saturation     = N/A
NData          = 2455

+2.092330E+03,+7.776475E-04

+7.043956E+02,+6.358272E-04

+2.092357E+03,+7.783467E-04

+6.564157E+02,+6.252314E-04
+6.912764E+02,+6.335454E-04
+7.524224E+02,+6.466685E-04

+2.092383E+03,+7.791933E-04

+6.083201E+02,+6.134968E-04
+6.434655E+02,+6.223083E-04
+6.909531E+02,+6.330456E-04
+7.389214E+02,+6.435186E-04
+7.993876E+02,+6.563000E-04

+2.092396E+03,+7.786002E-04

+5.612635E+02,+6.006493E-04
+5.956658E+02,+6.098454E-04
+6.431131E+02,+6.212144E-04
+6.910550E+02,+6.324812E-04
+7.389948E+02,+6.432024E-04
+7.868680E+02,+6.532070E-04
+8.474118E+02,+6.649702E-04

+2.092395E+03,+7.783361E-04

+5.132331E+02,+5.867682E-04
+5.478206E+02,+5.966012E-04
+5.952929E+02,+6.088219E-04
+6.432600E+02,+6.208862E-04
+6.912381E+02,+6.320647E-04
+7.391132E+02,+6.429279E-04
+7.869162E+02,+6.526993E-04
+8.348337E+02,+6.621704E-04
+8.954762E+02,+6.736209E-04

+2.092407E+03,+7.785650E-04

+4.652864E+02,+5.719697E-04
+5.000937E+02,+5.827118E-04
+5.474846E+02,+5.956007E-04
+5.954783E+02,+6.083456E-04
+6.433969E+02,+6.205692E-04
+6.912903E+02,+6.319963E-04
+7.392508E+02,+6.426717E-04
+7.870878E+02,+6.526005E-04
+8.348869E+02,+6.620886E-04
+8.827514E+02,+6.709067E-04
+9.435951E+02,+6.815735E-04

+2.092409E+03,+7.786587E-04

+4.171691E+02,+5.555256E-04
+4.522983E+02,+5.666985E-04
+4.997158E+02,+5.802776E-04
+5.476292E+02,+5.939535E-04
+5.956005E+02,+6.068489E-04
+6.434906E+02,+6.188126E-04
+6.913877E+02,+6.300644E-04
+7.392365E+02,+6.406666E-04
+7.870863E+02,+6.505505E-04
+8.349833E+02,+6.598806E-04
+8.828221E+02,+6.684011E-04
+9.307250E+02,+6.768078E-04
+9.907005E+02,+6.863232E-04

+2.092426E+03,+7.755210E-04

+3.700027E+02,+5.390040E-04
+4.044760E+02,+5.507161E-04
+4.519703E+02,+5.653946E-04
+4.999002E+02,+5.798811E-04
+5.477789E+02,+5.935329E-04
+5.956957E+02,+6.067104E-04
+6.436162E+02,+6.188900E-04
+6.915142E+02,+6.303465E-04
+7.393442E+02,+6.410500E-04
+7.871321E+02,+6.512207E-04
+8.349900E+02,+6.604664E-04
+8.828662E+02,+6.693105E-04
+9.307312E+02,+6.776834E-04
+9.785359E+02,+6.854998E-04
+1.038733E+03,+6.946766E-04

+2.092441E+03,+7.774558E-04

+3.219337E+02,+5.223537E-04
+3.566553E+02,+5.348539E-04
+4.041245E+02,+5.504480E-04
+4.520856E+02,+5.660578E-04
+5.000194E+02,+5.809058E-04
+5.479006E+02,+5.948697E-04
+5.958235E+02,+6.079486E-04
+6.437040E+02,+6.201841E-04
+6.915279E+02,+6.317507E-04
+7.393973E+02,+6.424464E-04
+7.872095E+02,+6.526388E-04
+8.350570E+02,+6.621240E-04
+8.829242E+02,+6.710001E-04
+9.307983E+02,+6.792222E-04
+9.786101E+02,+6.870709E-04
+1.026449E+03,+6.945894E-04
+1.086766E+03,+7.032313E-04

+2.092447E+03,+7.771522E-04

+2.739305E+02,+5.028707E-04
+3.088939E+02,+5.162108E-04
+3.563091E+02,+5.327920E-04
+4.042652E+02,+5.494479E-04
+4.521996E+02,+5.651306E-04
+5.000999E+02,+5.801689E-04
+5.479865E+02,+5.942456E-04
+5.959056E+02,+6.074195E-04
+6.437451E+02,+6.198316E-04
+6.915728E+02,+6.313421E-04
+7.394614E+02,+6.421511E-04
+7.873044E+02,+6.522949E-04
+8.351136E+02,+6.618125E-04
+8.829267E+02,+6.706580E-04
+9.308107E+02,+6.790750E-04
+9.786601E+02,+6.868817E-04
+1.026447E+03,+6.943810E-04
+1.074321E+03,+7.011453E-04
+1.134800E+03,+7.094859E-04

+2.092435E+03,+7.790037E-04

+2.259182E+02,+4.828929E-04
+2.610747E+02,+4.972950E-04
+3.085486E+02,+5.149301E-04
+3.564767E+02,+5.326999E-04
+4.044014E+02,+5.496576E-04
+4.523060E+02,+5.655382E-04
+5.001468E+02,+5.805856E-04
+5.480043E+02,+5.947726E-04
+5.959037E+02,+6.080783E-04
+6.437639E+02,+6.204167E-04
+6.916193E+02,+6.321337E-04
+7.394874E+02,+6.429461E-04
+7.873110E+02,+6.529305E-04
+8.351299E+02,+6.625244E-04
+8.829929E+02,+6.714669E-04
+9.308792E+02,+6.798265E-04
+9.786818E+02,+6.876189E-04
+1.026481E+03,+6.950054E-04
+1.074355E+03,+7.018859E-04
+1.122132E+03,+7.082342E-04
+1.181882E+03,+7.158357E-04

+2.092444E+03,+7.784191E-04

+1.789230E+02,+4.601226E-04
+2.133323E+02,+4.751059E-04
+2.607132E+02,+4.940096E-04
+3.086768E+02,+5.127810E-04
+3.565405E+02,+5.307367E-04
+4.044732E+02,+5.477060E-04
+4.524052E+02,+5.637733E-04
+5.002229E+02,+5.789570E-04
+5.480652E+02,+5.930962E-04
+5.959792E+02,+6.063881E-04
+6.438470E+02,+6.188041E-04
+6.917050E+02,+6.303985E-04
+7.395693E+02,+6.411577E-04
+7.873382E+02,+6.513254E-04
+8.351538E+02,+6.607772E-04
+8.830114E+02,+6.694408E-04
+9.308875E+02,+6.776783E-04
+9.786827E+02,+6.854801E-04
+1.026479E+03,+6.926968E-04
+1.074359E+03,+6.994089E-04
+1.122181E+03,+7.057399E-04
+1.170038E+03,+7.117527E-04
+1.230016E+03,+7.185790E-04

+2.092451E+03,+7.726339E-04

+1.308395E+02,+4.340234E-04
+1.657041E+02,+4.502457E-04
+2.130246E+02,+4.704751E-04
+2.607862E+02,+4.905170E-04
+3.087592E+02,+5.097445E-04
+3.566650E+02,+5.280352E-04
+4.045691E+02,+5.454094E-04
+4.524922E+02,+5.617369E-04
+5.003176E+02,+5.770233E-04
+5.481685E+02,+5.914189E-04
+5.960663E+02,+6.048038E-04
+6.438935E+02,+6.172647E-04
+6.917599E+02,+6.290066E-04
+7.396273E+02,+6.398829E-04
+7.873749E+02,+6.499779E-04
+8.352270E+02,+6.595481E-04
+8.830839E+02,+6.683792E-04
+9.309400E+02,+6.767631E-04
+9.787476E+02,+6.846068E-04
+1.026448E+03,+6.919604E-04
+1.074368E+03,+6.989181E-04
+1.122204E+03,+7.051887E-04
+1.170014E+03,+7.114577E-04
+1.217902E+03,+7.171532E-04
+1.278009E+03,+7.239242E-04

+2.092449E+03,+7.769921E-04

+8.279749E+01,+4.086140E-04
+1.178709E+02,+4.261441E-04
+1.652458E+02,+4.479369E-04
+2.131095E+02,+4.698586E-04
+2.610212E+02,+4.906549E-04
+3.089295E+02,+5.104159E-04
+3.567630E+02,+5.289844E-04
+4.046808E+02,+5.465417E-04
+4.525881E+02,+5.632476E-04
+5.004122E+02,+5.787989E-04
+5.482286E+02,+5.933141E-04
+5.960547E+02,+6.067454E-04
+6.439800E+02,+6.194175E-04
+6.917809E+02,+6.310805E-04
+7.396044E+02,+6.420826E-04
+7.874419E+02,+6.523500E-04
+8.352411E+02,+6.618842E-04
+8.830646E+02,+6.708987E-04
+9.309477E+02,+6.792437E-04
+9.787611E+02,+6.871089E-04
+1.026564E+03,+6.944115E-04
+1.074426E+03,+7.014277E-04
+1.122245E+03,+7.078885E-04
+1.170055E+03,+7.139094E-04
+1.217913E+03,+7.196913E-04
+1.265782E+03,+7.250942E-04
+1.326038E+03,+7.314255E-04

+2.092458E+03,+7.791993E-04

+3.479603E+01,+3.784700E-04
+6.993015E+01,+3.981009E-04
+1.173903E+02,+4.220274E-04
+1.653079E+02,+4.456502E-04
+2.132018E+02,+4.682174E-04
+2.610805E+02,+4.895678E-04
+3.089617E+02,+5.099497E-04
+3.568053E+02,+5.289174E-04
+4.046888E+02,+5.468332E-04
+4.525904E+02,+5.635068E-04
+5.003990E+02,+5.793500E-04
+5.482635E+02,+5.938422E-04
+5.961458E+02,+6.074695E-04
+6.439713E+02,+6.201819E-04
+6.918066E+02,+6.321890E-04
+7.396356E+02,+6.430153E-04
+7.874493E+02,+6.532730E-04
+8.352821E+02,+6.627238E-04
+8.831170E+02,+6.716678E-04
+9.309687E+02,+6.801103E-04
+9.788120E+02,+6.879930E-04
+1.026572E+03,+6.953609E-04
+1.074402E+03,+7.023573E-04
+1.122238E+03,+7.088898E-04
+1.170096E+03,+7.149762E-04
+1.217981E+03,+7.206316E-04
+1.265764E+03,+7.260235E-04
+1.313554E+03,+7.310308E-04
+1.373013E+03,+7.369205E-04

+2.092466E+03,+7.775010E-04

-1.222865E+01,+3.405143E-04
+2.183173E+01,+3.635218E-04
+6.961629E+01,+3.905081E-04
+1.174639E+02,+4.165809E-04
+1.654155E+02,+4.411250E-04
+2.133031E+02,+4.644804E-04
+2.611690E+02,+4.865505E-04
+3.090477E+02,+5.072070E-04
+3.569047E+02,+5.265744E-04
+4.047251E+02,+5.447229E-04
+4.527004E+02,+5.617580E-04
+5.004929E+02,+5.775168E-04
+5.482919E+02,+5.921357E-04
+5.961798E+02,+6.059494E-04
+6.440075E+02,+6.185987E-04
+6.918315E+02,+6.304931E-04
+7.396827E+02,+6.414048E-04
+7.874671E+02,+6.517183E-04
+8.352910E+02,+6.612405E-04
+8.831305E+02,+6.703348E-04
+9.309827E+02,+6.786791E-04
+9.787945E+02,+6.864554E-04
+1.026608E+03,+6.938982E-04
+1.074437E+03,+7.009541E-04
+1.122241E+03,+7.073454E-04
+1.170072E+03,+7.134067E-04
+1.217998E+03,+7.190812E-04
+1.265824E+03,+7.245642E-04
+1.313589E+03,+7.296654E-04
+1.361435E+03,+7.343472E-04
+1.421165E+03,+7.399833E-04

+2.092459E+03,+7.791178E-04

-6.027486E+01,+2.932377E-04
-2.582145E+01,+3.174481E-04
+2.163619E+01,+3.508590E-04
+6.975671E+01,+3.836435E-04
+1.175729E+02,+4.123016E-04
+1.655059E+02,+4.384897E-04
+2.134021E+02,+4.629587E-04
+2.612180E+02,+4.855867E-04
+3.090853E+02,+5.068950E-04
+3.569359E+02,+5.269196E-04
+4.047974E+02,+5.453583E-04
+4.527130E+02,+5.624284E-04
+5.005156E+02,+5.784453E-04
+5.483168E+02,+5.933284E-04
+5.961926E+02,+6.070093E-04
+6.440467E+02,+6.198280E-04
+6.919107E+02,+6.318079E-04
+7.396957E+02,+6.427533E-04
+7.874725E+02,+6.530675E-04
+8.352891E+02,+6.627013E-04
+8.831397E+02,+6.715586E-04
+9.309900E+02,+6.800267E-04
+9.787951E+02,+6.878120E-04
+1.026626E+03,+6.952913E-04
+1.074450E+03,+7.022452E-04
+1.122270E+03,+7.086535E-04
+1.170123E+03,+7.147520E-04
+1.218024E+03,+7.204496E-04
+1.265808E+03,+7.259094E-04
+1.313567E+03,+7.308959E-04
+1.361400E+03,+7.356774E-04
+1.409284E+03,+7.400959E-04
+1.469324E+03,+7.452933E-04

+2.092460E+03,+7.802615E-04

-1.082951E+02,+2.417397E-04
-7.345955E+01,+2.637796E-04
-2.641276E+01,+2.951466E-04
+2.199065E+01,+3.326342E-04
+6.982347E+01,+3.707827E-04
+1.177502E+02,+4.054928E-04
+1.656483E+02,+4.345635E-04
+2.135235E+02,+4.604718E-04
+2.613096E+02,+4.840993E-04
+3.091391E+02,+5.059283E-04
+3.569802E+02,+5.262969E-04
+4.048522E+02,+5.450456E-04
+4.527251E+02,+5.623935E-04
+5.005311E+02,+5.786565E-04
+5.483560E+02,+5.936620E-04
+5.962531E+02,+6.075986E-04
+6.441018E+02,+6.204703E-04
+6.919107E+02,+6.324663E-04
+7.397509E+02,+6.434926E-04
+7.875618E+02,+6.538347E-04
+8.353733E+02,+6.634233E-04
+8.831779E+02,+6.725402E-04
+9.310145E+02,+6.808269E-04
+9.788161E+02,+6.887599E-04
+1.026596E+03,+6.961977E-04
+1.074463E+03,+7.031749E-04
+1.122293E+03,+7.096506E-04
+1.170148E+03,+7.157366E-04
+1.218019E+03,+7.215201E-04
+1.265829E+03,+7.269095E-04
+1.313636E+03,+7.319460E-04
+1.361490E+03,+7.366456E-04
+1.409276E+03,+7.411289E-04
+1.457133E+03,+7.453601E-04
+1.517491E+03,+7.502193E-04

+2.092454E+03,+7.804263E-04

-1.564255E+02,+1.867190E-04
-1.212825E+02,+2.079122E-04
-7.380872E+01,+2.363686E-04
-2.622766E+01,+2.694542E-04
+2.208639E+01,+3.086894E-04
+6.996729E+01,+3.497703E-04
+1.178097E+02,+3.910049E-04
+1.657156E+02,+4.278003E-04
+2.135305E+02,+4.566660E-04
+2.613732E+02,+4.817566E-04
+3.092171E+02,+5.043727E-04
+3.570025E+02,+5.251209E-04
+4.048725E+02,+5.441549E-04
+4.527722E+02,+5.618230E-04
+5.005895E+02,+5.781809E-04
+5.483573E+02,+5.932348E-04
+5.962816E+02,+6.073623E-04
+6.441251E+02,+6.203217E-04
+6.919642E+02,+6.323375E-04
+7.397618E+02,+6.434645E-04
+7.875238E+02,+6.537110E-04
+8.353489E+02,+6.633141E-04
+8.831989E+02,+6.722782E-04
+9.310487E+02,+6.807272E-04
+9.788416E+02,+6.886835E-04
+1.026654E+03,+6.960307E-04
+1.074509E+03,+7.030002E-04
+1.122311E+03,+7.095015E-04
+1.170148E+03,+7.156335E-04
+1.217997E+03,+7.212393E-04
+1.265849E+03,+7.266829E-04
+1.313589E+03,+7.318187E-04
+1.361452E+03,+7.363975E-04
+1.409328E+03,+7.409437E-04
+1.457209E+03,+7.452337E-04
+1.505084E+03,+7.490216E-04
+1.564502E+03,+7.535660E-04

+2.092466E+03,+7.809708E-04

-2.035435E+02,+1.283669E-04
-1.691345E+02,+1.482165E-04
-1.216855E+02,+1.752331E-04
-7.371890E+01,+2.048520E-04
-2.598960E+01,+2.385596E-04
+2.219650E+01,+2.789585E-04
+6.995817E+01,+3.218440E-04
+1.178391E+02,+3.661633E-04
+1.657101E+02,+4.100881E-04
+2.135598E+02,+4.493316E-04
+2.613792E+02,+4.783637E-04
+3.092330E+02,+5.023395E-04
+3.570477E+02,+5.238075E-04
+4.049270E+02,+5.433151E-04
+4.528133E+02,+5.611801E-04
+5.006216E+02,+5.777264E-04
+5.484353E+02,+5.930394E-04
+5.963072E+02,+6.070623E-04
+6.441400E+02,+6.200929E-04
+6.919619E+02,+6.322662E-04
+7.397783E+02,+6.433451E-04
+7.876321E+02,+6.536677E-04
+8.354276E+02,+6.634243E-04
+8.832639E+02,+6.723966E-04
+9.311108E+02,+6.807489E-04
+9.789216E+02,+6.886692E-04
+1.026695E+03,+6.961129E-04
+1.074521E+03,+7.029743E-04
+1.122303E+03,+7.094832E-04
+1.170134E+03,+7.154873E-04
+1.218011E+03,+7.212096E-04
+1.265815E+03,+7.265650E-04
+1.313626E+03,+7.316934E-04
+1.361507E+03,+7.363434E-04
+1.409333E+03,+7.408041E-04
+1.457173E+03,+7.449718E-04
+1.505013E+03,+7.488482E-04
+1.552850E+03,+7.524814E-04
+1.612615E+03,+7.566966E-04

+2.092464E+03,+7.803936E-04

-2.515391E+02,+6.118194E-05
-2.169858E+02,+8.033731E-05
-1.695106E+02,+1.062108E-04
-1.215603E+02,+1.338944E-04
-7.373393E+01,+1.637071E-04
-2.582941E+01,+1.979151E-04
+2.223874E+01,+2.390179E-04
+7.005721E+01,+2.831362E-04
+1.179588E+02,+3.293621E-04
+1.658253E+02,+3.763630E-04
+2.136009E+02,+4.247725E-04
+2.614206E+02,+4.684680E-04
+3.092916E+02,+4.984900E-04
+3.571276E+02,+5.216123E-04
+4.050162E+02,+5.417304E-04
+4.528916E+02,+5.599580E-04
+5.007015E+02,+5.767347E-04
+5.484833E+02,+5.921329E-04
+5.963142E+02,+6.063338E-04
+6.441702E+02,+6.194294E-04
+6.920273E+02,+6.316231E-04
+7.398128E+02,+6.427346E-04
+7.875598E+02,+6.531762E-04
+8.354195E+02,+6.628273E-04
+8.832431E+02,+6.717882E-04
+9.310738E+02,+6.801280E-04
+9.788868E+02,+6.880318E-04
+1.026700E+03,+6.954250E-04
+1.074527E+03,+7.023775E-04
+1.122360E+03,+7.088607E-04
+1.170180E+03,+7.148790E-04
+1.218006E+03,+7.206028E-04
+1.265817E+03,+7.259547E-04
+1.313619E+03,+7.309606E-04
+1.361452E+03,+7.356645E-04
+1.409305E+03,+7.401229E-04
+1.457194E+03,+7.441911E-04
+1.505089E+03,+7.482861E-04
+1.552903E+03,+7.518090E-04
+1.600702E+03,+7.551703E-04
+1.660726E+03,+7.590994E-04

+2.092470E+03,+7.786790E-04

-2.994527E+02,-1.217136E-05
-2.647235E+02,+6.036023E-06
-2.173860E+02,+3.042148E-05
-1.694141E+02,+5.652535E-05
-1.214291E+02,+8.409521E-05
-7.381723E+01,+1.138178E-04
-2.549183E+01,+1.484557E-04
+2.230530E+01,+1.901499E-04
+7.013747E+01,+2.351263E-04
+1.179744E+02,+2.827124E-04
+1.658219E+02,+3.314207E-04
+2.136725E+02,+3.830508E-04
+2.614636E+02,+4.375361E-04
+3.093541E+02,+4.862806E-04
+3.571770E+02,+5.173424E-04
+4.050508E+02,+5.394559E-04
+4.529027E+02,+5.585195E-04
+5.006550E+02,+5.756256E-04
+5.484787E+02,+5.911780E-04
+5.963611E+02,+6.055539E-04
+6.442069E+02,+6.187101E-04
+6.920448E+02,+6.309479E-04
+7.398754E+02,+6.421875E-04
+7.876331E+02,+6.525411E-04
+8.354168E+02,+6.622459E-04
+8.832307E+02,+6.712962E-04
+9.311554E+02,+6.797215E-04
+9.788844E+02,+6.876193E-04
+1.026703E+03,+6.949736E-04
+1.074559E+03,+7.019457E-04
+1.122370E+03,+7.085240E-04
+1.170183E+03,+7.145845E-04
+1.218078E+03,+7.203313E-04
+1.265905E+03,+7.258827E-04
+1.313640E+03,+7.308324E-04
+1.361424E+03,+7.354966E-04
+1.409363E+03,+7.400371E-04
+1.457192E+03,+7.441176E-04
+1.505014E+03,+7.480667E-04
+1.552823E+03,+7.517913E-04
+1.600652E+03,+7.552669E-04
+1.648586E+03,+7.583504E-04
+1.708918E+03,+7.622046E-04

+2.092470E+03,+7.789458E-04

-3.475920E+02,-8.927510E-05
-3.124699E+02,-7.195412E-05
-2.651464E+02,-4.920997E-05
-2.172135E+02,-2.469308E-05
-1.692472E+02,+1.220080E-06
-1.213355E+02,+2.869619E-05
-7.374820E+01,+5.825646E-05
-2.531126E+01,+9.342262E-05
+2.236932E+01,+1.354498E-04
+7.014512E+01,+1.813090E-04
+1.179805E+02,+2.297768E-04
+1.658744E+02,+2.801938E-04
+2.137282E+02,+3.337636E-04
+2.615381E+02,+3.914572E-04
+3.093779E+02,+4.520208E-04
+3.572124E+02,+5.050539E-04
+4.050678E+02,+5.366136E-04
+4.529544E+02,+5.579554E-04
+5.007131E+02,+5.755488E-04
+5.484776E+02,+5.916770E-04
+5.963687E+02,+6.059286E-04
+6.442167E+02,+6.192351E-04
+6.920617E+02,+6.313908E-04
+7.398731E+02,+6.427419E-04
+7.876731E+02,+6.530910E-04
+8.354605E+02,+6.629405E-04
+8.832783E+02,+6.719397E-04
+9.311477E+02,+6.805249E-04
+9.789648E+02,+6.884034E-04
+1.026754E+03,+6.957044E-04
+1.074574E+03,+7.027721E-04
+1.122356E+03,+7.092605E-04
+1.170163E+03,+7.153312E-04
+1.218034E+03,+7.211240E-04
+1.265820E+03,+7.265423E-04
+1.313627E+03,+7.315830E-04
+1.361470E+03,+7.363321E-04
+1.409306E+03,+7.407918E-04
+1.457189E+03,+7.450338E-04
+1.505060E+03,+7.489661E-04
+1.552860E+03,+7.526566E-04
+1.600680E+03,+7.560402E-04
+1.648546E+03,+7.592205E-04
+1.696529E+03,+7.621881E-04
+1.755935E+03,+7.658323E-04

+2.092472E+03,+7.805343E-04

-3.946518E+02,-1.655511E-04
-3.602769E+02,-1.497773E-04
-3.128885E+02,-1.281725E-04
-2.650259E+02,-1.051166E-04
-2.171384E+02,-8.109376E-05
-1.691699E+02,-5.583641E-05
-1.212692E+02,-2.872024E-05
-7.368164E+01,+7.378972E-07
-2.536795E+01,+3.623010E-05
+2.236486E+01,+7.852406E-05
+7.019894E+01,+1.249980E-04
+1.180878E+02,+1.742433E-04
+1.659287E+02,+2.256249E-04
+2.137330E+02,+2.803807E-04
+2.615451E+02,+3.400174E-04
+3.093907E+02,+4.040158E-04
+3.572165E+02,+4.693686E-04
+4.050929E+02,+5.244101E-04
+4.529738E+02,+5.554457E-04
+5.007535E+02,+5.750335E-04
+5.485690E+02,+5.915079E-04
+5.963978E+02,+6.061357E-04
+6.441970E+02,+6.196059E-04
+6.920199E+02,+6.317317E-04
+7.398518E+02,+6.431729E-04
+7.876304E+02,+6.536427E-04
+8.354403E+02,+6.633877E-04
+8.832664E+02,+6.723942E-04
+9.311012E+02,+6.808643E-04
+9.789526E+02,+6.887366E-04
+1.026770E+03,+6.961306E-04
+1.074576E+03,+7.032167E-04
+1.122372E+03,+7.096768E-04
+1.170201E+03,+7.158078E-04
+1.218076E+03,+7.214530E-04
+1.265878E+03,+7.269717E-04
+1.313666E+03,+7.319521E-04
+1.361467E+03,+7.367490E-04
+1.409302E+03,+7.411724E-04
+1.457171E+03,+7.452934E-04
+1.505054E+03,+7.492237E-04
+1.552900E+03,+7.528159E-04
+1.600732E+03,+7.563311E-04
+1.648601E+03,+7.595001E-04
+1.696540E+03,+7.625348E-04
+1.744433E+03,+7.653156E-04
+1.804222E+03,+7.685397E-04

+2.092474E+03,+7.811555E-04

-4.426610E+02,-2.426259E-04
-4.081160E+02,-2.277288E-04
-3.606947E+02,-2.074876E-04
-3.127447E+02,-1.859707E-04
-2.648918E+02,-1.635261E-04
-2.169922E+02,-1.400504E-04
-1.690635E+02,-1.152553E-04
-1.211746E+02,-8.820826E-05
-7.352209E+01,-5.861679E-05
-2.530404E+01,-2.320913E-05
+2.238492E+01,+1.952204E-05
+7.022633E+01,+6.640275E-05
+1.181059E+02,+1.161784E-04
+1.659511E+02,+1.682757E-04
+2.137569E+02,+2.240503E-04
+2.615767E+02,+2.851055E-04
+3.094391E+02,+3.507245E-04
+3.572079E+02,+4.192308E-04
+4.051197E+02,+4.871450E-04
+4.530152E+02,+5.425205E-04
+5.007604E+02,+5.723804E-04
+5.485461E+02,+5.908134E-04
+5.964069E+02,+6.058698E-04
+6.442085E+02,+6.192609E-04
+6.920508E+02,+6.315896E-04
+7.398917E+02,+6.428355E-04
+7.876827E+02,+6.532973E-04
+8.354983E+02,+6.629710E-04
+8.833436E+02,+6.720776E-04
+9.311855E+02,+6.804027E-04
+9.789989E+02,+6.883271E-04
+1.026752E+03,+6.957179E-04
+1.074549E+03,+7.025943E-04
+1.122371E+03,+7.090846E-04
+1.170220E+03,+7.150810E-04
+1.218121E+03,+7.207649E-04
+1.265929E+03,+7.260445E-04
+1.313690E+03,+7.311110E-04
+1.361537E+03,+7.358025E-04
+1.409336E+03,+7.402536E-04
+1.457170E+03,+7.443111E-04
+1.505058E+03,+7.480440E-04
+1.552879E+03,+7.516903E-04
+1.600692E+03,+7.549477E-04
+1.648559E+03,+7.581081E-04
+1.696524E+03,+7.609988E-04
+1.744415E+03,+7.638138E-04
+1.792317E+03,+7.662985E-04
+1.852386E+03,+7.691811E-04

+2.092478E+03,+7.791045E-04

-4.907964E+02,-3.167487E-04
-4.559256E+02,-3.029450E-04
-4.085580E+02,-2.842199E-04
-3.605577E+02,-2.640921E-04
-3.126240E+02,-2.433541E-04
-2.648113E+02,-2.214747E-04
-2.169347E+02,-1.984889E-04
-1.690546E+02,-1.738463E-04
-1.211829E+02,-1.471874E-04
-7.335744E+01,-1.175564E-04
-2.523132E+01,-8.200475E-05
+2.246622E+01,-3.921632E-05
+7.033150E+01,+7.949407E-06
+1.181221E+02,+5.799665E-05
+1.659633E+02,+1.107630E-04
+2.137926E+02,+1.673257E-04
+2.616091E+02,+2.293098E-04
+3.094582E+02,+2.963158E-04
+3.572668E+02,+3.664290E-04
+4.051209E+02,+4.369890E-04
+4.530225E+02,+5.049689E-04
+5.008276E+02,+5.595734E-04
+5.485912E+02,+5.881858E-04
+5.964095E+02,+6.052345E-04
+6.442738E+02,+6.190151E-04
+6.921352E+02,+6.314692E-04
+7.399124E+02,+6.427758E-04
+7.876699E+02,+6.533210E-04
+8.354763E+02,+6.629752E-04
+8.833304E+02,+6.719007E-04
+9.311649E+02,+6.804496E-04
+9.789392E+02,+6.883292E-04
+1.026737E+03,+6.957603E-04
+1.074589E+03,+7.026807E-04
+1.122404E+03,+7.091592E-04
+1.170241E+03,+7.152486E-04
+1.218091E+03,+7.210046E-04
+1.265889E+03,+7.263225E-04
+1.313678E+03,+7.313763E-04
+1.361478E+03,+7.361373E-04
+1.409316E+03,+7.404336E-04
+1.457194E+03,+7.447093E-04
+1.505077E+03,+7.485942E-04
+1.552917E+03,+7.520417E-04
+1.600713E+03,+7.554631E-04
+1.648548E+03,+7.586660E-04
+1.696525E+03,+7.624980E-04
+1.744414E+03,+7.648243E-04
+1.792298E+03,+7.669606E-04
+1.840217E+03,+7.692559E-04
+1.900474E+03,+7.716826E-04

+2.092477E+03,+7.795931E-04

-5.387803E+02,-3.868328E-04
-5.037938E+02,-3.741159E-04
-4.563409E+02,-3.567441E-04
-4.084065E+02,-3.380527E-04
-3.604899E+02,-3.187941E-04
-3.124704E+02,-2.984120E-04
-2.646986E+02,-2.770654E-04
-2.168711E+02,-2.543511E-04
-1.689935E+02,-2.300987E-04
-1.212559E+02,-2.033506E-04
-7.316636E+01,-1.738906E-04
-2.525106E+01,-1.383927E-04
+2.244033E+01,-9.535518E-05
+7.025857E+01,-4.793907E-05
+1.181419E+02,+2.574016E-06
+1.660095E+02,+5.563079E-05
+2.138403E+02,+1.131225E-04
+2.616487E+02,+1.758215E-04
+3.095225E+02,+2.434360E-04
+3.573416E+02,+3.145997E-04
+4.051850E+02,+3.864774E-04
+4.530423E+02,+4.566844E-04
+5.008082E+02,+5.230310E-04
+5.486012E+02,+5.758167E-04
+5.964709E+02,+6.024920E-04
+6.442682E+02,+6.177908E-04
+6.920703E+02,+6.303818E-04
+7.399002E+02,+6.417843E-04
+7.877015E+02,+6.521660E-04
+8.355228E+02,+6.617549E-04
+8.833515E+02,+6.708328E-04
+9.311828E+02,+6.792039E-04
+9.789830E+02,+6.871063E-04
+1.026801E+03,+6.945186E-04
+1.074608E+03,+7.013693E-04
+1.122357E+03,+7.078344E-04
+1.170234E+03,+7.137387E-04
+1.218149E+03,+7.195756E-04
+1.265944E+03,+7.248555E-04
+1.313705E+03,+7.299296E-04
+1.361551E+03,+7.346077E-04
+1.409347E+03,+7.390655E-04
+1.457167E+03,+7.430603E-04
+1.505062E+03,+7.471106E-04
+1.552899E+03,+7.506579E-04
+1.600714E+03,+7.539820E-04
+1.648609E+03,+7.571038E-04
+1.696531E+03,+7.601895E-04
+1.744375E+03,+7.628640E-04
+1.792282E+03,+7.653854E-04
+1.840207E+03,+7.678452E-04
+1.888131E+03,+7.700393E-04
+1.947559E+03,+7.725724E-04

+2.092480E+03,+7.792606E-04

-5.857584E+02,-4.500319E-04
-5.514909E+02,-4.385334E-04
-5.041794E+02,-4.226136E-04
-4.562422E+02,-4.054936E-04
-4.083348E+02,-3.875009E-04
-3.603966E+02,-3.686467E-04
-3.124715E+02,-3.488492E-04
-2.646705E+02,-3.278320E-04
-2.168336E+02,-3.053407E-04
-1.689402E+02,-2.810939E-04
-1.213797E+02,-2.546744E-04
-7.296572E+01,-2.249798E-04
-2.524151E+01,-1.893668E-04
+2.247728E+01,-1.463155E-04
+7.030085E+01,-9.875834E-05
+1.181776E+02,-4.788640E-05
+1.660400E+02,+5.527819E-06
+2.138489E+02,+6.312810E-05
+2.616509E+02,+1.265374E-04
+3.094958E+02,+1.950575E-04
+3.573071E+02,+2.669680E-04
+4.052582E+02,+3.401022E-04
+4.530255E+02,+4.116265E-04
+5.008269E+02,+4.800401E-04
+5.485945E+02,+5.443428E-04
+5.964665E+02,+5.937688E-04
+6.443114E+02,+6.174645E-04
+6.921607E+02,+6.313353E-04
+7.399843E+02,+6.429379E-04
+7.877499E+02,+6.533304E-04
+8.355290E+02,+6.631620E-04
+8.833054E+02,+6.722212E-04
+9.311419E+02,+6.806483E-04
+9.790133E+02,+6.885829E-04
+1.026782E+03,+6.960201E-04
+1.074599E+03,+7.029957E-04
+1.122368E+03,+7.096196E-04
+1.170202E+03,+7.156828E-04
+1.218078E+03,+7.212423E-04
+1.265916E+03,+7.266191E-04
+1.313693E+03,+7.316466E-04
+1.361487E+03,+7.364561E-04
+1.409307E+03,+7.408931E-04
+1.457196E+03,+7.450233E-04
+1.505072E+03,+7.489575E-04
+1.552885E+03,+7.525869E-04
+1.600727E+03,+7.559339E-04
+1.648620E+03,+7.590198E-04
+1.696533E+03,+7.620010E-04
+1.744364E+03,+7.647955E-04
+1.792260E+03,+7.673624E-04
+1.840192E+03,+7.697716E-04
+1.888075E+03,+7.721989E-04
+1.935992E+03,+7.742446E-04
+1.996059E+03,+7.766092E-04

+2.092473E+03,+7.800007E-04

-6.338815E+02,-5.064351E-04
-5.992525E+02,-4.958090E-04
-5.518805E+02,-4.811958E-04
-5.040075E+02,-4.654076E-04
-4.560353E+02,-4.488151E-04
-4.081280E+02,-4.314167E-04
-3.601810E+02,-4.129674E-04
-3.124070E+02,-3.934654E-04
-2.645481E+02,-3.728661E-04
-2.168298E+02,-3.506831E-04
-1.688810E+02,-3.264765E-04
-1.213378E+02,-3.001035E-04
-7.288326E+01,-2.703202E-04
-2.520658E+01,-2.348164E-04
+2.257396E+01,-1.913455E-04
+7.038871E+01,-1.438918E-04
+1.182554E+02,-9.287416E-05
+1.660789E+02,-3.918801E-05
+2.138371E+02,+1.863705E-05
+2.616416E+02,+8.234236E-05
+3.094807E+02,+1.512234E-04
+3.572862E+02,+2.237686E-04
+4.051624E+02,+2.972140E-04
+4.530560E+02,+3.695198E-04
+5.007743E+02,+4.388619E-04
+5.485858E+02,+5.045365E-04
+5.964561E+02,+5.645376E-04
+6.443115E+02,+6.082098E-04
+6.921789E+02,+6.285946E-04
+7.399479E+02,+6.407639E-04
+7.877913E+02,+6.512815E-04
+8.355605E+02,+6.608593E-04
+8.833953E+02,+6.698049E-04
+9.311862E+02,+6.780584E-04
+9.790500E+02,+6.858735E-04
+1.026861E+03,+6.931155E-04
+1.074645E+03,+6.997543E-04
+1.122437E+03,+7.062163E-04
+1.170266E+03,+7.121449E-04
+1.218101E+03,+7.176766E-04
+1.265883E+03,+7.227712E-04
+1.313661E+03,+7.277142E-04
+1.361470E+03,+7.323172E-04
+1.409361E+03,+7.365765E-04
+1.457183E+03,+7.405974E-04
+1.505110E+03,+7.443104E-04
+1.552923E+03,+7.478323E-04
+1.600717E+03,+7.510560E-04
+1.648571E+03,+7.540917E-04
+1.696542E+03,+7.570197E-04
+1.744449E+03,+7.595839E-04
+1.792329E+03,+7.619401E-04
+1.840249E+03,+7.642745E-04
+1.888101E+03,+7.664148E-04
+1.935983E+03,+7.683636E-04
+1.983976E+03,+7.701489E-04
+2.044055E+03,+7.720204E-04

+2.092482E+03,+7.691576E-04

-6.820086E+02,-5.500729E-04
-6.471571E+02,-5.404591E-04
-5.996711E+02,-5.272542E-04
-5.518145E+02,-5.129430E-04
-5.039350E+02,-4.977680E-04
-4.559534E+02,-4.819055E-04
-4.080670E+02,-4.650383E-04
-3.601744E+02,-4.471495E-04
-3.123126E+02,-4.282183E-04
-2.645350E+02,-4.078131E-04
-2.167504E+02,-3.859756E-04
-1.688567E+02,-3.621480E-04
-1.212740E+02,-3.360064E-04
-7.286707E+01,-3.062926E-04
-2.515810E+01,-2.710979E-04
+2.259383E+01,-2.279088E-04
+7.040313E+01,-1.802988E-04
+1.182685E+02,-1.294320E-04
+1.661083E+02,-7.579281E-05
+2.139134E+02,-1.793127E-05
+2.617310E+02,+4.585301E-05
+3.095826E+02,+1.149085E-04
+3.573913E+02,+1.875867E-04
+4.052301E+02,+2.612035E-04
+4.531208E+02,+3.336498E-04
+5.009063E+02,+4.035452E-04
+5.486823E+02,+4.700168E-04
+5.965060E+02,+5.309879E-04
+6.443194E+02,+5.838333E-04
+6.921695E+02,+6.208369E-04
+7.399682E+02,+6.381784E-04
+7.877202E+02,+6.493884E-04
+8.355724E+02,+6.591745E-04
+8.834413E+02,+6.682618E-04
+9.312762E+02,+6.766618E-04
+9.790522E+02,+6.846395E-04
+1.026806E+03,+6.920654E-04
+1.074613E+03,+6.990618E-04
+1.122405E+03,+7.054665E-04
+1.170235E+03,+7.116821E-04
+1.218153E+03,+7.173728E-04
+1.265942E+03,+7.228270E-04
+1.313692E+03,+7.277650E-04
+1.361495E+03,+7.325271E-04
+1.409335E+03,+7.370196E-04
+1.457184E+03,+7.412132E-04
+1.505058E+03,+7.451269E-04
+1.552856E+03,+7.488421E-04
+1.600706E+03,+7.522206E-04
+1.648590E+03,+7.554899E-04
+1.696519E+03,+7.585256E-04
+1.744409E+03,+7.613245E-04
+1.792305E+03,+7.639780E-04
+1.840279E+03,+7.663880E-04
+1.888088E+03,+7.686679E-04
+1.936068E+03,+7.708732E-04
+1.984044E+03,+7.729243E-04
+2.031967E+03,+7.748741E-04
+2.092210E+03,+7.772192E-04

+2.092480E+03,+7.792886E-04

-7.300337E+02,-5.916454E-04
-6.950012E+02,-5.826546E-04
-6.475431E+02,-5.705377E-04
-5.995704E+02,-5.571336E-04
-5.516695E+02,-5.431152E-04
-5.037906E+02,-5.281805E-04
-4.558476E+02,-5.123857E-04
-4.080134E+02,-4.955704E-04
-3.601705E+02,-4.778107E-04
-3.122635E+02,-4.588935E-04
-2.644769E+02,-4.384664E-04
-2.166785E+02,-4.164113E-04
-1.688469E+02,-3.924355E-04
-1.211678E+02,-3.662335E-04
-7.292138E+01,-3.362792E-04
-2.521222E+01,-3.006448E-04
+2.254543E+01,-2.573046E-04
+7.037570E+01,-2.092669E-04
+1.182630E+02,-1.578643E-04
+1.661429E+02,-1.038708E-04
+2.139821E+02,-4.556911E-05
+2.617490E+02,+1.880111E-05
+3.095900E+02,+8.847300E-05
+3.574092E+02,+1.616445E-04
+4.052266E+02,+2.360686E-04
+4.531009E+02,+3.093440E-04
+5.009261E+02,+3.801284E-04
+5.486694E+02,+4.474672E-04
+5.964996E+02,+5.095345E-04
+6.443324E+02,+5.637417E-04
+6.921805E+02,+6.081068E-04
+7.400053E+02,+6.383173E-04
+7.877989E+02,+6.528937E-04
+8.355996E+02,+6.630650E-04
+8.834085E+02,+6.720841E-04
+9.312228E+02,+6.805539E-04
+9.790267E+02,+6.884870E-04
+1.026834E+03,+6.959283E-04
+1.074670E+03,+7.028310E-04
+1.122472E+03,+7.093327E-04
+1.170315E+03,+7.154678E-04
+1.218163E+03,+7.210926E-04
+1.265952E+03,+7.266207E-04
+1.313713E+03,+7.315433E-04
+1.361568E+03,+7.362586E-04
+1.409358E+03,+7.407021E-04
+1.457200E+03,+7.449380E-04
+1.505074E+03,+7.488430E-04
+1.552893E+03,+7.524066E-04
+1.600709E+03,+7.557931E-04
+1.648556E+03,+7.590456E-04
+1.696508E+03,+7.619710E-04
+1.744394E+03,+7.647448E-04
+1.792334E+03,+7.674092E-04
+1.840254E+03,+7.696864E-04
+1.888094E+03,+7.720051E-04
+1.935990E+03,+7.741778E-04
+1.983965E+03,+7.762096E-04
+2.031934E+03,+7.780307E-04
+2.092197E+03,+7.801650E-04

+2.092482E+03,+7.799511E-04

-7.771386E+02,-6.183895E-04
-7.427609E+02,-6.101499E-04
-6.954071E+02,-5.990623E-04
-6.474731E+02,-5.868114E-04
-5.994772E+02,-5.737609E-04
-5.516151E+02,-5.600476E-04
-5.037613E+02,-5.455161E-04
-4.558584E+02,-5.299592E-04
-4.079753E+02,-5.134890E-04
-3.601004E+02,-4.958624E-04
-3.122093E+02,-4.769261E-04
-2.644205E+02,-4.566608E-04
-2.165992E+02,-4.348439E-04
-1.687618E+02,-4.108499E-04
-1.211536E+02,-3.845670E-04
-7.293228E+01,-3.545514E-04
-2.519247E+01,-3.191340E-04
+2.256709E+01,-2.757894E-04
+7.039608E+01,-2.277215E-04
+1.182796E+02,-1.764843E-04
+1.661461E+02,-1.225191E-04
+2.139435E+02,-6.409021E-05
+2.617502E+02,+3.933389E-07
+3.096037E+02,+7.001490E-05
+3.573942E+02,+1.433941E-04
+4.052139E+02,+2.178921E-04
+4.530907E+02,+2.912294E-04
+5.009060E+02,+3.621173E-04
+5.486773E+02,+4.297453E-04
+5.965397E+02,+4.920628E-04
+6.443903E+02,+5.465026E-04
+6.922132E+02,+5.915956E-04
+7.400489E+02,+6.264008E-04
+7.878026E+02,+6.491875E-04
+8.356079E+02,+6.614513E-04
+8.834094E+02,+6.708580E-04
+9.312123E+02,+6.793078E-04
+9.790218E+02,+6.871023E-04
+1.026801E+03,+6.946473E-04
+1.074624E+03,+7.015229E-04
+1.122464E+03,+7.080903E-04
+1.170290E+03,+7.142417E-04
+1.218123E+03,+7.199823E-04
+1.265924E+03,+7.253572E-04
+1.313685E+03,+7.303801E-04
+1.361523E+03,+7.351307E-04
+1.409376E+03,+7.395848E-04
+1.457256E+03,+7.438180E-04
+1.505107E+03,+7.476778E-04
+1.552924E+03,+7.514909E-04
+1.600774E+03,+7.547583E-04
+1.648596E+03,+7.579723E-04
+1.696502E+03,+7.609584E-04
+1.744390E+03,+7.637592E-04
+1.792314E+03,+7.663377E-04
+1.840208E+03,+7.687897E-04
+1.888103E+03,+7.710641E-04
+1.936023E+03,+7.731383E-04
+1.984043E+03,+7.751571E-04
+2.044070E+03,+7.775049E-04

+2.092483E+03,+7.799989E-04

-8.251572E+02,-6.402758E-04
-7.905727E+02,-6.327342E-04
-7.432172E+02,-6.223728E-04
-6.953304E+02,-6.110478E-04
-6.473126E+02,-5.989270E-04
-5.993225E+02,-5.860685E-04
-5.514705E+02,-5.725601E-04
-5.036284E+02,-5.580587E-04
-4.557469E+02,-5.425679E-04
-4.079087E+02,-5.261071E-04
-3.600208E+02,-5.084733E-04
-3.121275E+02,-4.895700E-04
-2.643897E+02,-4.692506E-04
-2.166017E+02,-4.473498E-04
-1.688007E+02,-4.235379E-04
-1.209829E+02,-3.970868E-04
-7.290744E+01,-3.671485E-04
-2.513323E+01,-3.314340E-04
+2.265275E+01,-2.879843E-04
+7.047410E+01,-2.397569E-04
+1.183079E+02,-1.885047E-04
+1.661693E+02,-1.343474E-04
+2.140069E+02,-7.574905E-05
+2.618101E+02,-1.131395E-05
+3.095933E+02,+5.843822E-05
+3.573674E+02,+1.318455E-04
+4.052464E+02,+2.065683E-04
+4.531328E+02,+2.798060E-04
+5.009624E+02,+3.508407E-04
+5.487371E+02,+4.184425E-04
+5.965782E+02,+4.808851E-04
+6.444110E+02,+5.353898E-04
+6.922400E+02,+5.802647E-04
+7.400394E+02,+6.153309E-04
+7.877611E+02,+6.410216E-04
+8.355757E+02,+6.581684E-04
+8.834019E+02,+6.685524E-04
+9.312509E+02,+6.768390E-04
+9.790407E+02,+6.845309E-04
+1.026836E+03,+6.918089E-04
+1.074663E+03,+6.986054E-04
+1.122453E+03,+7.048497E-04
+1.170308E+03,+7.108174E-04
+1.218147E+03,+7.163243E-04
+1.265900E+03,+7.216008E-04
+1.313711E+03,+7.262566E-04
+1.361544E+03,+7.308344E-04
+1.409388E+03,+7.351523E-04
+1.457274E+03,+7.392980E-04
+1.505150E+03,+7.429838E-04
+1.552918E+03,+7.465681E-04
+1.600705E+03,+7.497699E-04
+1.648583E+03,+7.528681E-04
+1.696532E+03,+7.557233E-04
+1.744437E+03,+7.583610E-04
+1.792340E+03,+7.610104E-04
+1.840261E+03,+7.633731E-04
+1.888129E+03,+7.656554E-04
+1.936056E+03,+7.677244E-04
+1.996057E+03,+7.703700E-04

+2.092481E+03,+7.772082E-04

-8.732612E+02,-6.548810E-04
-8.383676E+02,-6.477728E-04
-7.909988E+02,-6.383242E-04
-7.430864E+02,-6.278272E-04
-6.951893E+02,-6.166237E-04
-6.471766E+02,-6.047543E-04
-5.992672E+02,-5.921736E-04
-5.513838E+02,-5.786861E-04
-5.036007E+02,-5.643230E-04
-4.557171E+02,-5.490368E-04
-4.078947E+02,-5.326103E-04
-3.600507E+02,-5.151580E-04
-3.121754E+02,-4.962985E-04
-2.643645E+02,-4.761957E-04
-2.165129E+02,-4.542235E-04
-1.688357E+02,-4.304640E-04
-1.207632E+02,-4.041855E-04
-7.284079E+01,-3.742617E-04
-2.509175E+01,-3.385712E-04
+2.269915E+01,-2.950447E-04
+7.044416E+01,-2.470948E-04
+1.183616E+02,-1.956944E-04
+1.662363E+02,-1.414368E-04
+2.140721E+02,-8.284743E-05
+2.618371E+02,-1.832889E-05
+3.096023E+02,+5.146646E-05
+3.573961E+02,+1.249989E-04
+4.052653E+02,+1.997453E-04
+4.531528E+02,+2.734053E-04
+5.009903E+02,+3.447380E-04
+5.487142E+02,+4.126761E-04
+5.965361E+02,+4.755001E-04
+6.444114E+02,+5.306338E-04
+6.922429E+02,+5.761055E-04
+7.400477E+02,+6.115297E-04
+7.878753E+02,+6.379950E-04
+8.355968E+02,+6.570663E-04
+8.834070E+02,+6.705663E-04
+9.312650E+02,+6.800085E-04
+9.790583E+02,+6.880950E-04
+1.026790E+03,+6.954195E-04
+1.074637E+03,+7.024268E-04
+1.122486E+03,+7.088440E-04
+1.170251E+03,+7.150405E-04
+1.218200E+03,+7.207868E-04
+1.265985E+03,+7.260869E-04
+1.313745E+03,+7.312174E-04
+1.361553E+03,+7.358744E-04
+1.409388E+03,+7.403533E-04
+1.457259E+03,+7.446003E-04
+1.505118E+03,+7.485012E-04
+1.552934E+03,+7.521070E-04
+1.600767E+03,+7.554702E-04
+1.648654E+03,+7.587708E-04
+1.696509E+03,+7.616941E-04
+1.744438E+03,+7.644575E-04
+1.792319E+03,+7.670176E-04
+1.840242E+03,+7.695018E-04
+1.888155E+03,+7.717287E-04
+1.947573E+03,+7.744023E-04

+2.092482E+03,+7.806182E-04

-9.212866E+02,-6.690498E-04
-8.861931E+02,-6.623550E-04
-8.388065E+02,-6.534091E-04
-7.909171E+02,-6.435651E-04
-7.430058E+02,-6.331670E-04
-6.950842E+02,-6.220216E-04
-6.471221E+02,-6.101113E-04
-5.992219E+02,-5.974508E-04
-5.514101E+02,-5.840058E-04
-5.035922E+02,-5.697102E-04
-4.557074E+02,-5.543267E-04
-4.078482E+02,-5.378262E-04
-3.599851E+02,-5.204110E-04
-3.121089E+02,-5.015549E-04
-2.643185E+02,-4.813791E-04
-2.165396E+02,-4.594194E-04
-1.689552E+02,-4.355714E-04
-1.206186E+02,-4.090147E-04
-7.287670E+01,-3.791332E-04
-2.513323E+01,-3.434377E-04
+2.264129E+01,-2.998136E-04
+7.048238E+01,-2.515087E-04
+1.183591E+02,-2.000680E-04
+1.662231E+02,-1.458975E-04
+2.140725E+02,-8.720140E-05
+2.618330E+02,-2.246270E-05
+3.095970E+02,+4.740464E-05
+3.574241E+02,+1.210875E-04
+4.052872E+02,+1.960829E-04
+4.531719E+02,+2.699074E-04
+5.009398E+02,+3.411693E-04
+5.486888E+02,+4.092607E-04
+5.965387E+02,+4.722394E-04
+6.443919E+02,+5.273524E-04
+6.922113E+02,+5.729953E-04
+7.400607E+02,+6.086599E-04
+7.878569E+02,+6.353038E-04
+8.356338E+02,+6.546384E-04
+8.834359E+02,+6.690682E-04
+9.312796E+02,+6.799997E-04
+9.790725E+02,+6.884895E-04
+1.026837E+03,+6.959430E-04
+1.074692E+03,+7.027684E-04
+1.122487E+03,+7.094121E-04
+1.170318E+03,+7.153889E-04
+1.218202E+03,+7.211462E-04
+1.265968E+03,+7.264893E-04
+1.313719E+03,+7.314216E-04
+1.361568E+03,+7.361454E-04
+1.409362E+03,+7.406095E-04
+1.457237E+03,+7.447066E-04
+1.505121E+03,+7.486240E-04
+1.552898E+03,+7.522380E-04
+1.600706E+03,+7.556659E-04
+1.648584E+03,+7.588510E-04
+1.696550E+03,+7.618492E-04
+1.744439E+03,+7.645098E-04
+1.792308E+03,+7.670511E-04
+1.840277E+03,+7.695097E-04
+1.900511E+03,+7.722434E-04

+2.092484E+03,+7.795582E-04

-9.683138E+02,-6.782564E-04
-9.339162E+02,-6.722421E-04
-8.865543E+02,-6.639071E-04
-8.386374E+02,-6.546296E-04
-7.907787E+02,-6.448861E-04
-7.429214E+02,-6.346152E-04
-6.950187E+02,-6.235227E-04
-6.470785E+02,-6.117037E-04
-5.991362E+02,-5.990946E-04
-5.513021E+02,-5.856161E-04
-5.035132E+02,-5.713241E-04
-4.556103E+02,-5.561118E-04
-4.077514E+02,-5.397757E-04
-3.599129E+02,-5.221972E-04
-3.120638E+02,-5.033317E-04
-2.642753E+02,-4.830685E-04
-2.164727E+02,-4.612684E-04
-1.689514E+02,-4.373477E-04
-1.205343E+02,-4.110122E-04
-7.289884E+01,-3.811154E-04
-2.509597E+01,-3.453477E-04
+2.273165E+01,-3.016965E-04
+7.051533E+01,-2.536525E-04
+1.183395E+02,-2.021148E-04
+1.661929E+02,-1.479200E-04
+2.140232E+02,-8.936150E-05
+2.618330E+02,-2.473176E-05
+3.096588E+02,+4.524767E-05
+3.574364E+02,+1.188738E-04
+4.053318E+02,+1.937975E-04
+4.531245E+02,+2.674728E-04
+5.009640E+02,+3.389029E-04
+5.487292E+02,+4.069696E-04
+5.965948E+02,+4.699123E-04
+6.444362E+02,+5.252332E-04
+6.922544E+02,+5.707641E-04
+7.400814E+02,+6.065936E-04
+7.878760E+02,+6.331595E-04
+8.356315E+02,+6.525694E-04
+8.834512E+02,+6.670624E-04
+9.312852E+02,+6.785390E-04
+9.790422E+02,+6.879189E-04
+1.026855E+03,+6.957150E-04
+1.074715E+03,+7.027638E-04
+1.122499E+03,+7.093143E-04
+1.170326E+03,+7.153411E-04
+1.218153E+03,+7.210138E-04
+1.265954E+03,+7.264150E-04
+1.313772E+03,+7.314495E-04
+1.361539E+03,+7.360952E-04
+1.409347E+03,+7.406355E-04
+1.457253E+03,+7.448496E-04
+1.505087E+03,+7.487481E-04
+1.552902E+03,+7.523634E-04
+1.600726E+03,+7.559309E-04
+1.648554E+03,+7.590840E-04
+1.696575E+03,+7.620249E-04
+1.744470E+03,+7.647250E-04
+1.792349E+03,+7.674475E-04
+1.852403E+03,+7.704059E-04

+2.092484E+03,+7.804582E-04

-1.016378E+03,-6.878763E-04
-9.817725E+02,-6.821007E-04
-9.343696E+02,-6.743611E-04
-8.865104E+02,-6.657711E-04
-8.385865E+02,-6.564845E-04
-7.907031E+02,-6.468309E-04
-7.428292E+02,-6.365467E-04
-6.949449E+02,-6.255110E-04
-6.470212E+02,-6.136016E-04
-5.991083E+02,-6.011354E-04
-5.512753E+02,-5.877857E-04
-5.034788E+02,-5.735050E-04
-4.555941E+02,-5.581292E-04
-4.077488E+02,-5.418080E-04
-3.599480E+02,-5.242855E-04
-3.120858E+02,-5.054727E-04
-2.643202E+02,-4.852722E-04
-2.165129E+02,-4.632577E-04
-1.689880E+02,-4.394464E-04
-1.205116E+02,-4.127450E-04
-7.278419E+01,-3.829407E-04
-2.503787E+01,-3.471627E-04
+2.270666E+01,-3.036041E-04
+7.053046E+01,-2.555386E-04
+1.183942E+02,-2.038798E-04
+1.662383E+02,-1.498942E-04
+2.140499E+02,-9.085617E-05
+2.618315E+02,-2.633623E-05
+3.096881E+02,+4.390749E-05
+3.574733E+02,+1.175210E-04
+4.052974E+02,+1.924075E-04
+4.531958E+02,+2.663048E-04
+5.009798E+02,+3.377389E-04
+5.487407E+02,+4.058804E-04
+5.966091E+02,+4.688949E-04
+6.444138E+02,+5.242942E-04
+6.922158E+02,+5.699949E-04
+7.400452E+02,+6.058579E-04
+7.878397E+02,+6.326898E-04
+8.356544E+02,+6.519638E-04
+8.834429E+02,+6.665647E-04
+9.312566E+02,+6.782224E-04
+9.790480E+02,+6.878861E-04
+1.026823E+03,+6.959922E-04
+1.074651E+03,+7.032111E-04
+1.122431E+03,+7.098401E-04
+1.170282E+03,+7.158880E-04
+1.218158E+03,+7.215734E-04
+1.265948E+03,+7.270688E-04
+1.313718E+03,+7.320529E-04
+1.361565E+03,+7.368783E-04
+1.409394E+03,+7.412531E-04
+1.457252E+03,+7.454930E-04
+1.505122E+03,+7.494239E-04
+1.552899E+03,+7.529986E-04
+1.600719E+03,+7.565464E-04
+1.648571E+03,+7.595985E-04
+1.696511E+03,+7.625679E-04
+1.744430E+03,+7.654178E-04
+1.804236E+03,+7.687322E-04

+2.092481E+03,+7.804771E-04

-1.064402E+03,-6.958445E-04
-1.029623E+03,-6.904600E-04
-9.822117E+02,-6.831613E-04
-9.342386E+02,-6.750786E-04
-8.863864E+02,-6.666352E-04
-8.385002E+02,-6.575380E-04
-7.906154E+02,-6.478699E-04
-7.427485E+02,-6.374385E-04
-6.948940E+02,-6.264380E-04
-6.469626E+02,-6.146808E-04
-5.990770E+02,-6.020637E-04
-5.512819E+02,-5.887750E-04
-5.034606E+02,-5.744726E-04
-4.555584E+02,-5.590685E-04
-4.077417E+02,-5.427773E-04
-3.598648E+02,-5.252447E-04
-3.120091E+02,-5.063224E-04
-2.642141E+02,-4.860824E-04
-2.164739E+02,-4.642027E-04
-1.688655E+02,-4.402970E-04
-1.205466E+02,-4.136003E-04
-7.275542E+01,-3.838100E-04
-2.505351E+01,-3.481208E-04
+2.273838E+01,-3.044533E-04
+7.056275E+01,-2.562343E-04
+1.184317E+02,-2.046583E-04
+1.662801E+02,-1.503647E-04
+2.140804E+02,-9.172839E-05
+2.618544E+02,-2.720671E-05
+3.096515E+02,+4.289505E-05
+3.574621E+02,+1.166202E-04
+4.053357E+02,+1.915607E-04
+4.532339E+02,+2.653849E-04
+5.010198E+02,+3.369017E-04
+5.487666E+02,+4.050924E-04
+5.965906E+02,+4.680818E-04
+6.444051E+02,+5.234483E-04
+6.922166E+02,+5.690433E-04
+7.400362E+02,+6.049643E-04
+7.878480E+02,+6.316905E-04
+8.356179E+02,+6.512078E-04
+8.834099E+02,+6.659213E-04
+9.312891E+02,+6.775599E-04
+9.790913E+02,+6.872912E-04
+1.026841E+03,+6.957162E-04
+1.074637E+03,+7.031289E-04
+1.122481E+03,+7.097177E-04
+1.170328E+03,+7.158463E-04
+1.218180E+03,+7.215436E-04
+1.266010E+03,+7.268618E-04
+1.313772E+03,+7.318130E-04
+1.361588E+03,+7.367636E-04
+1.409404E+03,+7.411677E-04
+1.457280E+03,+7.452495E-04
+1.505047E+03,+7.491138E-04
+1.552896E+03,+7.527444E-04
+1.600748E+03,+7.561738E-04
+1.648594E+03,+7.592677E-04
+1.696573E+03,+7.622968E-04
+1.755986E+03,+7.658326E-04

+2.092485E+03,+7.807677E-04

-1.112445E+03,-7.031148E-04
-1.077402E+03,-6.980099E-04
-1.030023E+03,-6.912607E-04
-9.821014E+02,-6.836257E-04
-9.341432E+02,-6.755514E-04
-8.862534E+02,-6.670231E-04
-8.383527E+02,-6.580218E-04
-7.905409E+02,-6.482615E-04
-7.427381E+02,-6.379504E-04
-6.948706E+02,-6.269701E-04
-6.469441E+02,-6.151510E-04
-5.990088E+02,-6.025450E-04
-5.511950E+02,-5.892823E-04
-5.034195E+02,-5.749395E-04
-4.555817E+02,-5.596694E-04
-4.077044E+02,-5.432626E-04
-3.598663E+02,-5.256396E-04
-3.120132E+02,-5.069465E-04
-2.642390E+02,-4.865893E-04
-2.164568E+02,-4.647543E-04
-1.688657E+02,-4.408937E-04
-1.205539E+02,-4.141300E-04
-7.280107E+01,-3.843208E-04
-2.503483E+01,-3.485435E-04
+2.272919E+01,-3.049940E-04
+7.055627E+01,-2.566644E-04
+1.184378E+02,-2.051106E-04
+1.662983E+02,-1.510106E-04
+2.141499E+02,-9.223773E-05
+2.618994E+02,-2.759852E-05
+3.096582E+02,+4.239826E-05
+3.574547E+02,+1.161857E-04
+4.053318E+02,+1.911642E-04
+4.532279E+02,+2.649047E-04
+5.009902E+02,+3.362019E-04
+5.487378E+02,+4.044134E-04
+5.965808E+02,+4.674557E-04
+6.444372E+02,+5.226826E-04
+6.922904E+02,+5.684822E-04
+7.401012E+02,+6.043170E-04
+7.878871E+02,+6.309318E-04
+8.356833E+02,+6.503991E-04
+8.834649E+02,+6.651053E-04
+9.312770E+02,+6.768171E-04
+9.790764E+02,+6.864715E-04
+1.026859E+03,+6.948989E-04
+1.074699E+03,+7.025605E-04
+1.122504E+03,+7.091665E-04
+1.170352E+03,+7.153258E-04
+1.218218E+03,+7.210107E-04
+1.266015E+03,+7.264852E-04
+1.313774E+03,+7.315297E-04
+1.361611E+03,+7.361966E-04
+1.409389E+03,+7.407231E-04
+1.457230E+03,+7.449322E-04
+1.505100E+03,+7.487417E-04
+1.552905E+03,+7.524191E-04
+1.600724E+03,+7.558510E-04
+1.648636E+03,+7.590312E-04
+1.708932E+03,+7.627735E-04

+2.092487E+03,+7.804960E-04

-1.159506E+03,-7.101327E-04
-1.125217E+03,-7.053435E-04
-1.077815E+03,-6.988653E-04
-1.029934E+03,-6.918498E-04
-9.820496E+02,-6.844354E-04
-9.341024E+02,-6.763911E-04
-8.862203E+02,-6.677255E-04
-8.383476E+02,-6.586955E-04
-7.905203E+02,-6.489992E-04
-7.426782E+02,-6.386656E-04
-6.948043E+02,-6.276661E-04
-6.468829E+02,-6.159943E-04
-5.989814E+02,-6.032944E-04
-5.511667E+02,-5.899601E-04
-5.033556E+02,-5.756534E-04
-4.554628E+02,-5.603955E-04
-4.076506E+02,-5.438747E-04
-3.598243E+02,-5.264462E-04
-3.119692E+02,-5.076664E-04
-2.641874E+02,-4.873548E-04
-2.164023E+02,-4.652852E-04
-1.687409E+02,-4.415336E-04
-1.204960E+02,-4.147320E-04
-7.276413E+01,-3.849087E-04
-2.499120E+01,-3.490231E-04
+2.275594E+01,-3.054848E-04
+7.060945E+01,-2.573107E-04
+1.184645E+02,-2.056271E-04
+1.662974E+02,-1.514760E-04
+2.141273E+02,-9.271017E-05
+2.619111E+02,-2.789974E-05
+3.097200E+02,+4.215372E-05
+3.575022E+02,+1.158241E-04
+4.053434E+02,+1.908632E-04
+4.531964E+02,+2.647082E-04
+5.009930E+02,+3.361381E-04
+5.487510E+02,+4.043470E-04
+5.966193E+02,+4.674625E-04
+6.444436E+02,+5.227407E-04
+6.922865E+02,+5.684464E-04
+7.400993E+02,+6.044034E-04
+7.878881E+02,+6.311974E-04
+8.356739E+02,+6.507740E-04
+8.834480E+02,+6.654534E-04
+9.312598E+02,+6.771652E-04
+9.790531E+02,+6.868840E-04
+1.026848E+03,+6.953449E-04
+1.074692E+03,+7.029274E-04
+1.122487E+03,+7.097045E-04
+1.170312E+03,+7.158606E-04
+1.218169E+03,+7.216099E-04
+1.265965E+03,+7.270183E-04
+1.313743E+03,+7.320282E-04
+1.361583E+03,+7.368759E-04
+1.409413E+03,+7.412890E-04
+1.457297E+03,+7.454346E-04
+1.505168E+03,+7.493200E-04
+1.552968E+03,+7.530878E-04
+1.600767E+03,+7.563958E-04
+1.660756E+03,+7.603330E-04

+2.092484E+03,+7.812199E-04

-1.207616E+03,-7.167299E-04
-1.173026E+03,-7.123451E-04
-1.125648E+03,-7.063333E-04
-1.077706E+03,-6.997041E-04
-1.029840E+03,-6.926268E-04
-9.819385E+02,-6.850871E-04
-9.339699E+02,-6.771299E-04
-8.861123E+02,-6.686101E-04
-8.382811E+02,-6.594019E-04
-7.904622E+02,-6.497166E-04
-7.426492E+02,-6.393247E-04
-6.947931E+02,-6.282828E-04
-6.468645E+02,-6.165365E-04
-5.989310E+02,-6.039889E-04
-5.511661E+02,-5.906290E-04
-5.033995E+02,-5.762888E-04
-4.555221E+02,-5.609701E-04
-4.076497E+02,-5.445570E-04
-3.597648E+02,-5.270512E-04
-3.119588E+02,-5.081412E-04
-2.642055E+02,-4.879921E-04
-2.164119E+02,-4.659886E-04
-1.687030E+02,-4.420711E-04
-1.205046E+02,-4.154309E-04
-7.273451E+01,-3.856660E-04
-2.494404E+01,-3.496310E-04
+2.277951E+01,-3.059522E-04
+7.058908E+01,-2.577143E-04
+1.184356E+02,-2.061168E-04
+1.662891E+02,-1.517868E-04
+2.141063E+02,-9.303955E-05
+2.618865E+02,-2.838653E-05
+3.096747E+02,+4.174678E-05
+3.575156E+02,+1.156681E-04
+4.053715E+02,+1.907402E-04
+4.532162E+02,+2.645163E-04
+5.010694E+02,+3.362324E-04
+5.488142E+02,+4.045872E-04
+5.966516E+02,+4.675102E-04
+6.444700E+02,+5.229585E-04
+6.922974E+02,+5.689808E-04
+7.401190E+02,+6.049400E-04
+7.878954E+02,+6.316101E-04
+8.356802E+02,+6.513140E-04
+8.834977E+02,+6.660346E-04
+9.313359E+02,+6.777090E-04
+9.791098E+02,+6.874438E-04
+1.026889E+03,+6.960770E-04
+1.074682E+03,+7.035998E-04
+1.122470E+03,+7.103982E-04
+1.170305E+03,+7.167630E-04
+1.218138E+03,+7.225848E-04
+1.265925E+03,+7.279391E-04
+1.313700E+03,+7.329997E-04
+1.361523E+03,+7.377634E-04
+1.409346E+03,+7.421874E-04
+1.457223E+03,+7.464231E-04
+1.505111E+03,+7.503705E-04
+1.552967E+03,+7.539920E-04
+1.612659E+03,+7.581431E-04

+2.092486E+03,+7.818948E-04

-1.255803E+03,-7.220950E-04
-1.220836E+03,-7.179977E-04
-1.173486E+03,-7.122723E-04
-1.125522E+03,-7.059124E-04
-1.077605E+03,-6.992394E-04
-1.029735E+03,-6.922156E-04
-9.818301E+02,-6.845756E-04
-9.338919E+02,-6.766213E-04
-8.860794E+02,-6.680703E-04
-8.382766E+02,-6.588652E-04
-7.904550E+02,-6.491079E-04
-7.426154E+02,-6.389993E-04
-6.947604E+02,-6.278276E-04
-6.468387E+02,-6.160227E-04
-5.989749E+02,-6.035108E-04
-5.511063E+02,-5.900645E-04
-5.033091E+02,-5.757494E-04
-4.554176E+02,-5.604240E-04
-4.076052E+02,-5.440800E-04
-3.597896E+02,-5.265471E-04
-3.119358E+02,-5.076538E-04
-2.641768E+02,-4.874818E-04
-2.164482E+02,-4.655615E-04
-1.686339E+02,-4.416521E-04
-1.205106E+02,-4.149634E-04
-7.272845E+01,-3.851522E-04
-2.493515E+01,-3.492686E-04
+2.281932E+01,-3.055725E-04
+7.063939E+01,-2.573757E-04
+1.185034E+02,-2.059049E-04
+1.663139E+02,-1.517052E-04
+2.140989E+02,-9.297093E-05
+2.618881E+02,-2.834161E-05
+3.096776E+02,+4.176715E-05
+3.574961E+02,+1.155667E-04
+4.053496E+02,+1.904512E-04
+4.532075E+02,+2.642685E-04
+5.010814E+02,+3.358882E-04
+5.487974E+02,+4.038592E-04
+5.966738E+02,+4.668897E-04
+6.444632E+02,+5.220558E-04
+6.922604E+02,+5.678519E-04
+7.400789E+02,+6.037290E-04
+7.878665E+02,+6.303244E-04
+8.356388E+02,+6.498936E-04
+8.834560E+02,+6.646247E-04
+9.313187E+02,+6.761962E-04
+9.791062E+02,+6.858715E-04
+1.026842E+03,+6.944287E-04
+1.074682E+03,+7.020383E-04
+1.122476E+03,+7.088052E-04
+1.170322E+03,+7.152600E-04
+1.218207E+03,+7.210978E-04
+1.265972E+03,+7.264516E-04
+1.313723E+03,+7.315329E-04
+1.361562E+03,+7.362398E-04
+1.409407E+03,+7.406438E-04
+1.457296E+03,+7.448271E-04
+1.505149E+03,+7.488213E-04
+1.564527E+03,+7.533542E-04

+2.092485E+03,+7.805164E-04

-1.303750E+03,-7.269596E-04
-1.268738E+03,-7.230370E-04
-1.221253E+03,-7.177187E-04
-1.173320E+03,-7.119013E-04
-1.125404E+03,-7.056143E-04
-1.077474E+03,-6.991063E-04
-1.029625E+03,-6.919094E-04
-9.817303E+02,-6.844331E-04
-9.338944E+02,-6.764515E-04
-8.860559E+02,-6.678314E-04
-8.382069E+02,-6.586418E-04
-7.904014E+02,-6.490017E-04
-7.425470E+02,-6.388217E-04
-6.946764E+02,-6.278496E-04
-6.467458E+02,-6.160697E-04
-5.988852E+02,-6.034383E-04
-5.510839E+02,-5.900884E-04
-5.033042E+02,-5.758122E-04
-4.554297E+02,-5.605567E-04
-4.075832E+02,-5.442865E-04
-3.597766E+02,-5.267848E-04
-3.118834E+02,-5.078081E-04
-2.641490E+02,-4.876248E-04
-2.165081E+02,-4.656921E-04
-1.685521E+02,-4.418685E-04
-1.205230E+02,-4.150907E-04
-7.275107E+01,-3.853736E-04
-2.493196E+01,-3.493285E-04
+2.282473E+01,-3.057738E-04
+7.065849E+01,-2.575456E-04
+1.184694E+02,-2.060508E-04
+1.662840E+02,-1.517330E-04
+2.141129E+02,-9.303643E-05
+2.619263E+02,-2.846347E-05
+3.097400E+02,+4.173451E-05
+3.575366E+02,+1.154469E-04
+4.053926E+02,+1.904876E-04
+4.532741E+02,+2.643202E-04
+5.010798E+02,+3.357061E-04
+5.488534E+02,+4.039617E-04
+5.966910E+02,+4.669117E-04
+6.444849E+02,+5.222018E-04
+6.922896E+02,+5.679972E-04
+7.400796E+02,+6.038952E-04
+7.878366E+02,+6.306054E-04
+8.356334E+02,+6.501454E-04
+8.834690E+02,+6.648254E-04
+9.313244E+02,+6.765048E-04
+9.791165E+02,+6.862375E-04
+1.026882E+03,+6.948261E-04
+1.074700E+03,+7.023997E-04
+1.122498E+03,+7.092539E-04
+1.170345E+03,+7.155667E-04
+1.218191E+03,+7.214349E-04
+1.265971E+03,+7.269287E-04
+1.313745E+03,+7.319573E-04
+1.361587E+03,+7.367524E-04
+1.409400E+03,+7.412762E-04
+1.457279E+03,+7.453305E-04
+1.517532E+03,+7.502724E-04

+2.092487E+03,+7.804224E-04

-1.350838E+03,-7.321062E-04
-1.316483E+03,-7.283509E-04
-1.269164E+03,-7.233875E-04
-1.221199E+03,-7.180364E-04
-1.173249E+03,-7.121346E-04
-1.125346E+03,-7.057731E-04
-1.077434E+03,-6.992307E-04
-1.029596E+03,-6.921358E-04
-9.817419E+02,-6.845295E-04
-9.338446E+02,-6.765527E-04
-8.860094E+02,-6.680788E-04
-8.381732E+02,-6.589900E-04
-7.903712E+02,-6.492527E-04
-7.425568E+02,-6.390973E-04
-6.947288E+02,-6.279901E-04
-6.468113E+02,-6.163574E-04
-5.988986E+02,-6.037495E-04
-5.510726E+02,-5.904160E-04
-5.032801E+02,-5.761762E-04
-4.554005E+02,-5.606226E-04
-4.075867E+02,-5.444059E-04
-3.597689E+02,-5.268310E-04
-3.118928E+02,-5.080318E-04
-2.641116E+02,-4.877151E-04
-2.165636E+02,-4.658625E-04
-1.684189E+02,-4.418760E-04
-1.205116E+02,-4.152691E-04
-7.274056E+01,-3.854283E-04
-2.494693E+01,-3.495529E-04
+2.281040E+01,-3.058239E-04
+7.061296E+01,-2.576831E-04
+1.184747E+02,-2.061222E-04
+1.663295E+02,-1.518105E-04
+2.141674E+02,-9.313457E-05
+2.619579E+02,-2.852003E-05
+3.097764E+02,+4.162326E-05
+3.575871E+02,+1.154808E-04
+4.054473E+02,+1.903963E-04
+4.532707E+02,+2.641846E-04
+5.010267E+02,+3.356677E-04
+5.488094E+02,+4.039285E-04
+5.966110E+02,+4.668927E-04
+6.444327E+02,+5.221696E-04
+6.923098E+02,+5.680616E-04
+7.401058E+02,+6.038631E-04
+7.878693E+02,+6.306746E-04
+8.356930E+02,+6.503452E-04
+8.834838E+02,+6.649843E-04
+9.312952E+02,+6.765863E-04
+9.791043E+02,+6.864068E-04
+1.026902E+03,+6.949514E-04
+1.074763E+03,+7.025097E-04
+1.122539E+03,+7.093857E-04
+1.170330E+03,+7.156805E-04
+1.218183E+03,+7.215503E-04
+1.265966E+03,+7.268436E-04
+1.313776E+03,+7.321162E-04
+1.361600E+03,+7.368158E-04
+1.409411E+03,+7.412726E-04
+1.469375E+03,+7.465283E-04

+2.092486E+03,+7.807559E-04

-1.398921E+03,-7.375065E-04
-1.364293E+03,-7.340470E-04
-1.316990E+03,-7.293117E-04
-1.269096E+03,-7.241658E-04
-1.221099E+03,-7.186117E-04
-1.173154E+03,-7.127568E-04
-1.125261E+03,-7.064864E-04
-1.077371E+03,-6.998468E-04
-1.029504E+03,-6.928053E-04
-9.817472E+02,-6.852025E-04
-9.337867E+02,-6.771728E-04
-8.859469E+02,-6.686823E-04
-8.380844E+02,-6.596116E-04
-7.902876E+02,-6.499531E-04
-7.424492E+02,-6.396474E-04
-6.946372E+02,-6.285889E-04
-6.467627E+02,-6.169068E-04
-5.988188E+02,-6.042664E-04
-5.511063E+02,-5.908578E-04
-5.032545E+02,-5.765627E-04
-4.553938E+02,-5.612723E-04
-4.075789E+02,-5.448412E-04
-3.597645E+02,-5.272758E-04
-3.118959E+02,-5.084789E-04
-2.641433E+02,-4.881343E-04
-2.166315E+02,-4.661643E-04
-1.683174E+02,-4.423083E-04
-1.205225E+02,-4.157427E-04
-7.276900E+01,-3.858016E-04
-2.492515E+01,-3.498133E-04
+2.287716E+01,-3.062030E-04
+7.068551E+01,-2.578886E-04
+1.185339E+02,-2.063183E-04
+1.664029E+02,-1.518793E-04
+2.141298E+02,-9.332099E-05
+2.619371E+02,-2.857013E-05
+3.097205E+02,+4.158373E-05
+3.575368E+02,+1.152877E-04
+4.053906E+02,+1.903298E-04
+4.532538E+02,+2.642730E-04
+5.010240E+02,+3.355927E-04
+5.487900E+02,+4.038757E-04
+5.966464E+02,+4.671165E-04
+6.445115E+02,+5.224593E-04
+6.923534E+02,+5.682062E-04
+7.400591E+02,+6.039529E-04
+7.878750E+02,+6.308671E-04
+8.357105E+02,+6.504601E-04
+8.834769E+02,+6.650926E-04
+9.313069E+02,+6.768505E-04
+9.791595E+02,+6.867132E-04
+1.026929E+03,+6.951075E-04
+1.074736E+03,+7.026279E-04
+1.122497E+03,+7.094722E-04
+1.170291E+03,+7.158680E-04
+1.218168E+03,+7.217497E-04
+1.265947E+03,+7.271431E-04
+1.313736E+03,+7.324333E-04
+1.361620E+03,+7.370426E-04
+1.421227E+03,+7.425887E-04

+2.092486E+03,+7.806870E-04

-1.447033E+03,-7.421411E-04
-1.412063E+03,-7.389184E-04
-1.364672E+03,-7.344661E-04
-1.316795E+03,-7.296424E-04
-1.268937E+03,-7.244928E-04
-1.220953E+03,-7.189283E-04
-1.173057E+03,-7.130373E-04
-1.125189E+03,-7.068118E-04
-1.077295E+03,-7.001283E-04
-1.029448E+03,-6.929881E-04
-9.816014E+02,-6.853518E-04
-9.337376E+02,-6.774423E-04
-8.858989E+02,-6.688432E-04
-8.380574E+02,-6.596839E-04
-7.902486E+02,-6.500135E-04
-7.424170E+02,-6.396940E-04
-6.946113E+02,-6.288433E-04
-6.467142E+02,-6.170216E-04
-5.988463E+02,-6.044409E-04
-5.510568E+02,-5.909930E-04
-5.032381E+02,-5.766014E-04
-4.553453E+02,-5.612994E-04
-4.075637E+02,-5.449168E-04
-3.597409E+02,-5.275124E-04
-3.118896E+02,-5.084940E-04
-2.641266E+02,-4.882726E-04
-2.166661E+02,-4.663047E-04
-1.682304E+02,-4.422469E-04
-1.205090E+02,-4.157600E-04
-7.272973E+01,-3.858498E-04
-2.493291E+01,-3.499160E-04
+2.284288E+01,-3.061471E-04
+7.068334E+01,-2.579122E-04
+1.185169E+02,-2.064488E-04
+1.663410E+02,-1.521289E-04
+2.141954E+02,-9.329865E-05
+2.620130E+02,-2.865685E-05
+3.098063E+02,+4.158770E-05
+3.575684E+02,+1.153388E-04
+4.053754E+02,+1.902736E-04
+4.532576E+02,+2.641678E-04
+5.010793E+02,+3.356554E-04
+5.488203E+02,+4.038727E-04
+5.966516E+02,+4.669522E-04
+6.444709E+02,+5.222540E-04
+6.922926E+02,+5.680734E-04
+7.401152E+02,+6.039266E-04
+7.878776E+02,+6.306722E-04
+8.356651E+02,+6.502708E-04
+8.834782E+02,+6.650286E-04
+9.312901E+02,+6.766510E-04
+9.790903E+02,+6.863485E-04
+1.026899E+03,+6.948109E-04
+1.074732E+03,+7.024898E-04
+1.122509E+03,+7.093092E-04
+1.170311E+03,+7.155123E-04
+1.218184E+03,+7.214070E-04
+1.265971E+03,+7.268827E-04
+1.313767E+03,+7.319364E-04
+1.373052E+03,+7.378325E-04

+2.092486E+03,+7.796242E-04

-1.495022E+03,-7.438074E-04
-1.459928E+03,-7.407550E-04
-1.412536E+03,-7.366264E-04
-1.364600E+03,-7.321069E-04
-1.316728E+03,-7.271590E-04
-1.268916E+03,-7.219869E-04
-1.220882E+03,-7.165008E-04
-1.172983E+03,-7.107292E-04
-1.125111E+03,-7.044066E-04
-1.077262E+03,-6.978130E-04
-1.029420E+03,-6.908371E-04
-9.815950E+02,-6.833206E-04
-9.337101E+02,-6.753424E-04
-8.859134E+02,-6.668162E-04
-8.380184E+02,-6.577842E-04
-7.902216E+02,-6.480485E-04
-7.424170E+02,-6.377829E-04
-6.946073E+02,-6.269222E-04
-6.467368E+02,-6.152233E-04
-5.988371E+02,-6.026343E-04
-5.510149E+02,-5.893584E-04
-5.032224E+02,-5.749917E-04
-4.553818E+02,-5.597752E-04
-4.075308E+02,-5.433455E-04
-3.596479E+02,-5.260136E-04
-3.118376E+02,-5.070659E-04
-2.641199E+02,-4.868599E-04
-2.166696E+02,-4.650799E-04
-1.682075E+02,-4.410650E-04
-1.204797E+02,-4.145669E-04
-7.268706E+01,-3.847120E-04
-2.489279E+01,-3.489116E-04
+2.289033E+01,-3.052458E-04
+7.066278E+01,-2.570533E-04
+1.184766E+02,-2.057434E-04
+1.663247E+02,-1.515498E-04
+2.142023E+02,-9.291286E-05
+2.619951E+02,-2.830598E-05
+3.097623E+02,+4.156233E-05
+3.575346E+02,+1.152485E-04
+4.053983E+02,+1.901312E-04
+4.532996E+02,+2.638461E-04
+5.010658E+02,+3.351066E-04
+5.488139E+02,+4.031549E-04
+5.967062E+02,+4.660702E-04
+6.445285E+02,+5.211258E-04
+6.923186E+02,+5.667309E-04
+7.400693E+02,+6.023475E-04
+7.878623E+02,+6.289938E-04
+8.356930E+02,+6.485581E-04
+8.835254E+02,+6.631972E-04
+9.313636E+02,+6.748292E-04
+9.791589E+02,+6.845361E-04
+1.026886E+03,+6.930514E-04
+1.074697E+03,+7.006152E-04
+1.122506E+03,+7.074805E-04
+1.170353E+03,+7.137086E-04
+1.218232E+03,+7.197077E-04
+1.266016E+03,+7.251456E-04
+1.326076E+03,+7.316224E-04

+2.092486E+03,+7.795158E-04

-1.541966E+03,-7.493190E-04
-1.507715E+03,-7.464767E-04
-1.460397E+03,-7.426853E-04
-1.412461E+03,-7.385080E-04
-1.364524E+03,-7.338776E-04
-1.316655E+03,-7.289384E-04
-1.268790E+03,-7.238228E-04
-1.220842E+03,-7.183143E-04
-1.172966E+03,-7.124069E-04
-1.125137E+03,-7.062536E-04
-1.077244E+03,-6.996218E-04
-1.029431E+03,-6.925959E-04
-9.816028E+02,-6.850364E-04
-9.337254E+02,-6.769835E-04
-8.859001E+02,-6.684641E-04
-8.380537E+02,-6.593482E-04
-7.902337E+02,-6.495920E-04
-7.424190E+02,-6.393166E-04
-6.945724E+02,-6.282897E-04
-6.466718E+02,-6.166496E-04
-5.987518E+02,-6.040665E-04
-5.509705E+02,-5.906451E-04
-5.031769E+02,-5.762281E-04
-4.553421E+02,-5.610073E-04
-4.075221E+02,-5.445444E-04
-3.596670E+02,-5.270237E-04
-3.118052E+02,-5.082155E-04
-2.640492E+02,-4.880115E-04
-2.165973E+02,-4.660962E-04
-1.682071E+02,-4.418581E-04
-1.204759E+02,-4.154582E-04
-7.269502E+01,-3.855899E-04
-2.491413E+01,-3.496386E-04
+2.284639E+01,-3.059314E-04
+7.065511E+01,-2.578018E-04
+1.185457E+02,-2.062092E-04
+1.664343E+02,-1.519551E-04
+2.142045E+02,-9.329660E-05
+2.619359E+02,-2.862732E-05
+3.097486E+02,+4.143112E-05
+3.575630E+02,+1.150714E-04
+4.054362E+02,+1.902793E-04
+4.532694E+02,+2.640426E-04
+5.010458E+02,+3.354452E-04
+5.488399E+02,+4.036752E-04
+5.966863E+02,+4.667402E-04
+6.444875E+02,+5.220119E-04
+6.922976E+02,+5.676684E-04
+7.400722E+02,+6.034287E-04
+7.878543E+02,+6.302968E-04
+8.356419E+02,+6.498177E-04
+8.834818E+02,+6.645651E-04
+9.313290E+02,+6.762977E-04
+9.791337E+02,+6.859537E-04
+1.026916E+03,+6.944529E-04
+1.074711E+03,+7.020828E-04
+1.122496E+03,+7.089654E-04
+1.170344E+03,+7.152016E-04
+1.218212E+03,+7.211456E-04
+1.278032E+03,+7.280090E-04

+2.092488E+03,+7.805346E-04

-1.590011E+03,-7.531288E-04
-1.555462E+03,-7.504791E-04
-1.508158E+03,-7.468407E-04
-1.460282E+03,-7.428147E-04
-1.412331E+03,-7.386320E-04
-1.364395E+03,-7.339778E-04
-1.316538E+03,-7.291517E-04
-1.268672E+03,-7.240563E-04
-1.220706E+03,-7.185686E-04
-1.172884E+03,-7.126872E-04
-1.125085E+03,-7.063491E-04
-1.077212E+03,-6.997396E-04
-1.029365E+03,-6.927230E-04
-9.815321E+02,-6.850293E-04
-9.336238E+02,-6.770429E-04
-8.858107E+02,-6.686354E-04
-8.380359E+02,-6.593883E-04
-7.902282E+02,-6.496536E-04
-7.424202E+02,-6.395027E-04
-6.945722E+02,-6.285326E-04
-6.466670E+02,-6.167694E-04
-5.987795E+02,-6.041943E-04
-5.509998E+02,-5.907938E-04
-5.031877E+02,-5.764931E-04
-4.552950E+02,-5.611958E-04
-4.074629E+02,-5.448846E-04
-3.596351E+02,-5.273485E-04
-3.118407E+02,-5.083100E-04
-2.640558E+02,-4.881916E-04
-2.165681E+02,-4.663524E-04
-1.681899E+02,-4.421490E-04
-1.204242E+02,-4.155921E-04
-7.268074E+01,-3.858530E-04
-2.487527E+01,-3.498864E-04
+2.289511E+01,-3.060429E-04
+7.071040E+01,-2.578779E-04
+1.185770E+02,-2.062890E-04
+1.663961E+02,-1.521686E-04
+2.142238E+02,-9.334751E-05
+2.620327E+02,-2.866081E-05
+3.097995E+02,+4.140224E-05
+3.575960E+02,+1.152074E-04
+4.054709E+02,+1.902947E-04
+4.533087E+02,+2.641225E-04
+5.010662E+02,+3.355138E-04
+5.488483E+02,+4.037972E-04
+5.966824E+02,+4.667782E-04
+6.444967E+02,+5.221488E-04
+6.922964E+02,+5.678700E-04
+7.400990E+02,+6.038232E-04
+7.878824E+02,+6.304993E-04
+8.356839E+02,+6.501063E-04
+8.835279E+02,+6.647975E-04
+9.313389E+02,+6.763360E-04
+9.791002E+02,+6.861148E-04
+1.026874E+03,+6.946040E-04
+1.074699E+03,+7.021739E-04
+1.122500E+03,+7.090833E-04
+1.170372E+03,+7.153834E-04
+1.230050E+03,+7.226489E-04

+2.092489E+03,+7.791857E-04

-1.638121E+03,-7.549130E-04
-1.603303E+03,-7.525415E-04
-1.555965E+03,-7.492708E-04
-1.508091E+03,-7.455422E-04
-1.460140E+03,-7.415161E-04
-1.412188E+03,-7.372653E-04
-1.364295E+03,-7.326807E-04
-1.316470E+03,-7.279575E-04
-1.268627E+03,-7.228135E-04
-1.220677E+03,-7.172873E-04
-1.172810E+03,-7.114179E-04
-1.124977E+03,-7.051591E-04
-1.077151E+03,-6.985411E-04
-1.029385E+03,-6.914682E-04
-9.815177E+02,-6.839778E-04
-9.336246E+02,-6.760804E-04
-8.858056E+02,-6.675061E-04
-8.379817E+02,-6.583852E-04
-7.901520E+02,-6.487157E-04
-7.423354E+02,-6.385362E-04
-6.945266E+02,-6.274781E-04
-6.466581E+02,-6.158563E-04
-5.987693E+02,-6.033160E-04
-5.509661E+02,-5.898843E-04
-5.031797E+02,-5.756482E-04
-4.553040E+02,-5.602942E-04
-4.074645E+02,-5.440651E-04
-3.596400E+02,-5.266020E-04
-3.118345E+02,-5.077089E-04
-2.640673E+02,-4.874920E-04
-2.165119E+02,-4.656412E-04
-1.682097E+02,-4.414905E-04
-1.204422E+02,-4.150422E-04
-7.266604E+01,-3.852545E-04
-2.487782E+01,-3.492589E-04
+2.289001E+01,-3.057243E-04
+7.071868E+01,-2.574448E-04
+1.185817E+02,-2.060320E-04
+1.664413E+02,-1.517977E-04
+2.142201E+02,-9.311052E-05
+2.619884E+02,-2.859987E-05
+3.097888E+02,+4.142177E-05
+3.575910E+02,+1.151683E-04
+4.054464E+02,+1.901370E-04
+4.533060E+02,+2.638261E-04
+5.010974E+02,+3.352019E-04
+5.488535E+02,+4.034380E-04
+5.966636E+02,+4.663060E-04
+6.444811E+02,+5.215112E-04
+6.922948E+02,+5.672094E-04
+7.401384E+02,+6.030062E-04
+7.879235E+02,+6.296368E-04
+8.357257E+02,+6.491499E-04
+8.835379E+02,+6.638493E-04
+9.313487E+02,+6.754837E-04
+9.791137E+02,+6.852916E-04
+1.026919E+03,+6.937296E-04
+1.074751E+03,+7.013814E-04
+1.122530E+03,+7.081260E-04
+1.181955E+03,+7.161392E-04

+2.092487E+03,+7.799728E-04

-1.686025E+03,-7.597355E-04
-1.651029E+03,-7.574432E-04
-1.603692E+03,-7.543227E-04
-1.555835E+03,-7.508200E-04
-1.507926E+03,-7.471436E-04
-1.460089E+03,-7.430797E-04
-1.412158E+03,-7.388466E-04
-1.364267E+03,-7.341555E-04
-1.316478E+03,-7.294667E-04
-1.268631E+03,-7.242608E-04
-1.220669E+03,-7.186885E-04
-1.172820E+03,-7.128689E-04
-1.124972E+03,-7.065250E-04
-1.077129E+03,-6.998756E-04
-1.029338E+03,-6.928037E-04
-9.814750E+02,-6.852876E-04
-9.335880E+02,-6.772153E-04
-8.857377E+02,-6.686561E-04
-8.379416E+02,-6.596101E-04
-7.901916E+02,-6.498642E-04
-7.423471E+02,-6.396164E-04
-6.944498E+02,-6.286089E-04
-6.466143E+02,-6.167783E-04
-5.987387E+02,-6.041923E-04
-5.509424E+02,-5.909781E-04
-5.031889E+02,-5.766268E-04
-4.553171E+02,-5.612147E-04
-4.074696E+02,-5.448530E-04
-3.596014E+02,-5.272857E-04
-3.117613E+02,-5.083774E-04
-2.640023E+02,-4.881054E-04
-2.164383E+02,-4.662255E-04
-1.681791E+02,-4.421630E-04
-1.204485E+02,-4.155614E-04
-7.266954E+01,-3.857775E-04
-2.487909E+01,-3.498839E-04
+2.286294E+01,-3.061731E-04
+7.069798E+01,-2.578866E-04
+1.185550E+02,-2.063048E-04
+1.663996E+02,-1.521168E-04
+2.142133E+02,-9.340594E-05
+2.620232E+02,-2.867931E-05
+3.098012E+02,+4.128993E-05
+3.575869E+02,+1.150520E-04
+4.054461E+02,+1.901784E-04
+4.533159E+02,+2.640992E-04
+5.011076E+02,+3.354311E-04
+5.488957E+02,+4.036798E-04
+5.967308E+02,+4.667445E-04
+6.445082E+02,+5.219714E-04
+6.922687E+02,+5.675236E-04
+7.400728E+02,+6.035011E-04
+7.878505E+02,+6.302587E-04
+8.356607E+02,+6.498769E-04
+8.834811E+02,+6.645220E-04
+9.313244E+02,+6.761837E-04
+9.791140E+02,+6.859435E-04
+1.026866E+03,+6.944655E-04
+1.074753E+03,+7.020797E-04
+1.134874E+03,+7.108128E-04

+2.092489E+03,+7.792261E-04

-1.733187E+03,-7.608492E-04
-1.698798E+03,-7.587905E-04
-1.651451E+03,-7.559106E-04
-1.603612E+03,-7.525462E-04
-1.555757E+03,-7.490866E-04
-1.507898E+03,-7.453608E-04
-1.460001E+03,-7.414393E-04
-1.412100E+03,-7.370364E-04
-1.364248E+03,-7.325628E-04
-1.316437E+03,-7.277565E-04
-1.268600E+03,-7.226001E-04
-1.220661E+03,-7.170437E-04
-1.172797E+03,-7.112270E-04
-1.124975E+03,-7.048345E-04
-1.077086E+03,-6.982259E-04
-1.029256E+03,-6.912245E-04
-9.814402E+02,-6.837024E-04
-9.336049E+02,-6.758005E-04
-8.857903E+02,-6.671832E-04
-8.379578E+02,-6.580554E-04
-7.901355E+02,-6.484271E-04
-7.423143E+02,-6.381558E-04
-6.944849E+02,-6.272408E-04
-6.465837E+02,-6.155722E-04
-5.986750E+02,-6.030049E-04
-5.508702E+02,-5.895778E-04
-5.030880E+02,-5.752238E-04
-4.552752E+02,-5.600649E-04
-4.074963E+02,-5.437199E-04
-3.596457E+02,-5.261173E-04
-3.117947E+02,-5.073879E-04
-2.640511E+02,-4.871541E-04
-2.164858E+02,-4.653110E-04
-1.682422E+02,-4.411804E-04
-1.204422E+02,-4.147299E-04
-7.265266E+01,-3.848505E-04
-2.483292E+01,-3.489320E-04
+2.291645E+01,-3.053014E-04
+7.072824E+01,-2.572198E-04
+1.185512E+02,-2.058892E-04
+1.664129E+02,-1.518085E-04
+2.142509E+02,-9.313188E-05
+2.620114E+02,-2.851795E-05
+3.098302E+02,+4.149371E-05
+3.576182E+02,+1.150877E-04
+4.054216E+02,+1.899738E-04
+4.533070E+02,+2.637685E-04
+5.011000E+02,+3.350176E-04
+5.488502E+02,+4.030713E-04
+5.966871E+02,+4.660637E-04
+6.444798E+02,+5.211629E-04
+6.923001E+02,+5.666640E-04
+7.401318E+02,+6.024918E-04
+7.879120E+02,+6.292369E-04
+8.356777E+02,+6.486585E-04
+8.834909E+02,+6.633045E-04
+9.313280E+02,+6.750288E-04
+9.791400E+02,+6.847704E-04
+1.026913E+03,+6.932805E-04
+1.086783E+03,+7.030441E-04

+2.092489E+03,+7.797255E-04

-1.781235E+03,-7.652761E-04
-1.746698E+03,-7.632800E-04
-1.699308E+03,-7.605672E-04
-1.651426E+03,-7.575731E-04
-1.603474E+03,-7.542197E-04
-1.555620E+03,-7.508297E-04
-1.507809E+03,-7.469720E-04
-1.459903E+03,-7.431054E-04
-1.412027E+03,-7.387276E-04
-1.364165E+03,-7.340816E-04
-1.316367E+03,-7.292711E-04
-1.268562E+03,-7.241447E-04
-1.220640E+03,-7.186405E-04
-1.172781E+03,-7.126364E-04
-1.124933E+03,-7.064845E-04
-1.077048E+03,-6.997944E-04
-1.029224E+03,-6.927656E-04
-9.814445E+02,-6.851983E-04
-9.335814E+02,-6.772444E-04
-8.857550E+02,-6.686103E-04
-8.378997E+02,-6.595308E-04
-7.900807E+02,-6.499303E-04
-7.422562E+02,-6.396200E-04
-6.944122E+02,-6.285282E-04
-6.465365E+02,-6.168740E-04
-5.986540E+02,-6.042531E-04
-5.508654E+02,-5.907466E-04
-5.031313E+02,-5.765040E-04
-4.553023E+02,-5.612206E-04
-4.074677E+02,-5.447477E-04
-3.596170E+02,-5.273464E-04
-3.117702E+02,-5.084920E-04
-2.640205E+02,-4.881645E-04
-2.164030E+02,-4.662693E-04
-1.681820E+02,-4.420976E-04
-1.204084E+02,-4.155561E-04
-7.257719E+01,-3.856150E-04
-2.481158E+01,-3.497696E-04
+2.290245E+01,-3.061111E-04
+7.069511E+01,-2.579605E-04
+1.185674E+02,-2.064158E-04
+1.664442E+02,-1.521676E-04
+2.142760E+02,-9.349079E-05
+2.620553E+02,-2.863606E-05
+3.098595E+02,+4.149891E-05
+3.576150E+02,+1.150937E-04
+4.054200E+02,+1.900538E-04
+4.532887E+02,+2.639363E-04
+5.010913E+02,+3.355049E-04
+5.488719E+02,+4.034916E-04
+5.967248E+02,+4.666977E-04
+6.445079E+02,+5.218822E-04
+6.922948E+02,+5.676109E-04
+7.401225E+02,+6.033994E-04
+7.878865E+02,+6.301822E-04
+8.356805E+02,+6.496927E-04
+8.834866E+02,+6.643754E-04
+9.313174E+02,+6.759974E-04
+9.791683E+02,+6.857750E-04
+1.038759E+03,+6.965160E-04

+2.092489E+03,+7.805089E-04

-1.829221E+03,-7.682379E-04
-1.794505E+03,-7.664085E-04
-1.747169E+03,-7.637282E-04
-1.699197E+03,-7.610216E-04
-1.651281E+03,-7.579482E-04
-1.603372E+03,-7.545740E-04
-1.555567E+03,-7.510971E-04
-1.507790E+03,-7.473794E-04
-1.459837E+03,-7.433335E-04
-1.411953E+03,-7.389091E-04
-1.364089E+03,-7.344291E-04
-1.316278E+03,-7.295898E-04
-1.268489E+03,-7.242875E-04
-1.220602E+03,-7.189321E-04
-1.172741E+03,-7.130815E-04
-1.124894E+03,-7.067656E-04
-1.077045E+03,-7.001213E-04
-1.029224E+03,-6.930594E-04
-9.813923E+02,-6.855640E-04
-9.335340E+02,-6.774563E-04
-8.857460E+02,-6.689509E-04
-8.379311E+02,-6.598841E-04
-7.901062E+02,-6.501822E-04
-7.422775E+02,-6.398448E-04
-6.944754E+02,-6.287844E-04
-6.465801E+02,-6.171695E-04
-5.986782E+02,-6.042682E-04
-5.508785E+02,-5.909408E-04
-5.031185E+02,-5.767164E-04
-4.552734E+02,-5.614739E-04
-4.074329E+02,-5.450227E-04
-3.595851E+02,-5.274537E-04
-3.117409E+02,-5.086824E-04
-2.640084E+02,-4.883080E-04
-2.163629E+02,-4.665118E-04
-1.681839E+02,-4.422626E-04
-1.204157E+02,-4.157958E-04
-7.261285E+01,-3.858145E-04
-2.483298E+01,-3.499589E-04
+2.288269E+01,-3.062777E-04
+7.071932E+01,-2.579755E-04
+1.185623E+02,-2.064790E-04
+1.664199E+02,-1.522050E-04
+2.142349E+02,-9.354630E-05
+2.620015E+02,-2.878079E-05
+3.098091E+02,+4.134899E-05
+3.576076E+02,+1.151046E-04
+4.054725E+02,+1.902267E-04
+4.533179E+02,+2.640345E-04
+5.010737E+02,+3.354051E-04
+5.488467E+02,+4.036292E-04
+5.966852E+02,+4.667130E-04
+6.445069E+02,+5.220951E-04
+6.923384E+02,+5.677521E-04
+7.401397E+02,+6.036325E-04
+7.879200E+02,+6.304099E-04
+8.357257E+02,+6.499824E-04
+8.835485E+02,+6.646549E-04
+9.313885E+02,+6.763510E-04
+9.907508E+02,+6.887707E-04

+2.092489E+03,+7.799133E-04

-1.877242E+03,-7.699016E-04
-1.842206E+03,-7.680481E-04
-1.794947E+03,-7.657610E-04
-1.747089E+03,-7.631748E-04
-1.699090E+03,-7.602721E-04
-1.651186E+03,-7.572156E-04
-1.603308E+03,-7.538420E-04
-1.555462E+03,-7.503245E-04
-1.507681E+03,-7.465887E-04
-1.459869E+03,-7.426150E-04
-1.411956E+03,-7.383138E-04
-1.364070E+03,-7.337009E-04
-1.316274E+03,-7.288833E-04
-1.268437E+03,-7.237712E-04
-1.220512E+03,-7.183122E-04
-1.172654E+03,-7.123353E-04
-1.124842E+03,-7.059565E-04
-1.077017E+03,-6.993721E-04
-1.029188E+03,-6.923258E-04
-9.813678E+02,-6.847878E-04
-9.335135E+02,-6.768710E-04
-8.856887E+02,-6.682670E-04
-8.378483E+02,-6.592340E-04
-7.900768E+02,-6.495414E-04
-7.422731E+02,-6.392297E-04
-6.944155E+02,-6.282525E-04
-6.465441E+02,-6.164394E-04
-5.986642E+02,-6.039134E-04
-5.508708E+02,-5.903914E-04
-5.030676E+02,-5.760837E-04
-4.551944E+02,-5.608382E-04
-4.073979E+02,-5.444633E-04
-3.595422E+02,-5.269530E-04
-3.116912E+02,-5.080610E-04
-2.640335E+02,-4.877606E-04
-2.163294E+02,-4.660084E-04
-1.681934E+02,-4.417972E-04
-1.203979E+02,-4.152307E-04
-7.259215E+01,-3.854377E-04
-2.480075E+01,-3.494508E-04
+2.295052E+01,-3.058371E-04
+7.076168E+01,-2.576656E-04
+1.186200E+02,-2.061661E-04
+1.664696E+02,-1.519303E-04
+2.142581E+02,-9.322763E-05
+2.620225E+02,-2.864583E-05
+3.098181E+02,+4.134233E-05
+3.576120E+02,+1.151086E-04
+4.054916E+02,+1.901430E-04
+4.533189E+02,+2.638370E-04
+5.011101E+02,+3.351220E-04
+5.488810E+02,+4.033272E-04
+5.966734E+02,+4.662388E-04
+6.444888E+02,+5.213856E-04
+6.922976E+02,+5.668943E-04
+7.401435E+02,+6.028193E-04
+7.879129E+02,+6.294210E-04
+8.357057E+02,+6.489237E-04
+8.835218E+02,+6.636231E-04
+9.436389E+02,+6.790401E-04

MicroMag 2900/3900 Data File ends
