   0.313110
   0.317749
   0.610474
   0.754761
   6.18298
   4.49915
   0.962769
   1.64246
   1.84717
   0.602783
   4.21069
   4.76038
   10.6135
   1.67725
   3.66211
   1.20496
   0.343262
   3.02588
   0.525513
   1.23877
   1.45056
   9.375000E-02
   0.199951
   0.529053
   1.25134
   3.10156
   1.08435
   1.78448
   0.890869
   0.691406
   0.752441
   0.247620
   1.34229
   0.650635
   0.210327
   0.268311
   2.68445
   0.893982
   1.21777
   9.863281E-02
   0.798218
   0.275635
   12.4374
   1.01953
   7.18445
   0.152588
   2.36719
   0.482666
   2.95557
   8.00830
   3.84442
   2.10706
   2.46375
   1.80615
   0.304565
   0.388062
   1.03650
   2.35315
   0.850403
   0.395935
   1.77771
   2.19507
   1.17255
   7.794189E-02
   0.135986
   2.30994
   1.03601
   1.74207
   0.228394
   2.38483
   0.357422
   0.377686
   1.25037
   0.848267
   6.38757
   1.22021
   0.259033
   0.370605
   3.576660E-02
   4.29651
   6.85974
   0.249512
   0.617676
   6.66553
   2.73096
   1.19653
   11.1215
   1.43542
   7.99353
   0.195007
   1.10193
   5.83765
   2.71289
   0.252319
   1.55090
   0.644165
   6.713867E-02
   1.80066
   0.631348
   3.98877
   5.59912
   3.20996
   1.14636
   2.37329
   3.65271
   0.754883
   5.505371E-02
   1.05078
   0.172607
   0.457520
   0.278198
   2.23389
   0.971924
   4.22693
   4.42664
   0.516968
   2.83313
   0.661743
   7.79822
   3.99426
   3.56885
   0.362183
   3.40112
   0.260620
   0.529541
   6.689453E-02
   0.113037
   4.18982
   0.122803
   0.868408
   3.19897
   6.36743
   1.61658
   3.01282
   1.82190
   0.948975
   0.481812
   4.18933
   3.18628
   2.06238
   1.07861
   0.973511
   1.16626
   5.52185
   2.25537
   2.17725
   8.53723
   0.316895
   0.181885
   0.535583
   1.93555
   0.647949
   1.34631
   0.630127
   2.25610
   6.31128
   10.5724
   5.37903
   0.903320
   1.64575
   1.35217
   1.60516
   2.43286
   0.930542
   2.19128
   2.84698
   5.11267
   3.17590
   4.83252
   2.00867
   0.685059
   2.77539
   0.177979
   0.759766
   0.557617
   1.41229
   0.440674
   1.35657
   1.25635
   3.50476
   1.24463
   0.211548
   1.79590
   1.68677
   2.73352
   0.822388
   0.851563
   2.11890
   0.278564
   1.54785
   0.873291
   1.76343
   1.58215
   7.037354E-02
   0.845581
   0.696533
   0.215942
   3.32813
   2.83496
   4.48193
   0.334473
   0.187012
   1.02161
   0.350098
   1.02539
   0.431030
   0.911011
   0.107056
   2.09308
   0.785889
   0.467529
   0.491211
   1.19226
   7.81116
   3.01196
   15.6234
   2.66101
   0.446289
   2.16431
   1.26917
   1.76135
   1.05994
   0.495911
   3.83301
   0.168701
   1.25580
   1.96051
   0.165771
   1.20654
   2.94958
   1.43762
   1.89221
   0.856201
   3.02307
   0.392822
   1.38123
   1.79401
   0.415894
   0.561401
   1.55164
   3.64282
   2.25989
   5.76099
   0.348877
   0.546082
   0.876709
   1.29895
   5.55530
   3.67676
   0.483643
   1.06451
   3.47717
   0.992310
   0.423462
   1.647949E-02
   2.79443
   0.528870
   3.43542
   0.417114
   2.490234E-02
   3.784180E-02
   1.02051
   8.25464
   7.409668E-02
   0.104736
   3.23029
   0.728394
   0.939453
   1.86963
   0.551758
   2.99084
   0.126099
   4.65308
   0.343018
   1.51740
   1.53894
   3.43567
   1.806641E-02
   0.804199
   7.250977E-02
   2.57678
   0.214233
   1.78589
   2.124023E-02
   0.513550
   0.495972
   0.418579
   0.677246
   0.552246
   0.756348
   4.41296
   0.574097
   1.23608
   0.806396
   4.23743
   4.56812
   1.02350
   4.08868
   0.513428
   11.2611
   0.124268
   1.696777E-02
   0.749390
   1.64880
   0.950317
   1.78357
   0.415161
   3.546143E-02
   1.80957
   2.581787E-02
   0.760376
   0.937988
   2.01068
   0.484375
   6.10901
   0.436707
   0.521606
   1.38403
   0.382202
   2.17102
   6.37354
   2.19958
   0.572510
   4.84412
   0.204102
   2.94470
   0.312500
   0.432495
   0.218262
   1.97070
   0.428955
   0.696045
   4.29639
   1.52490
   3.31396
   3.78198
   1.24329
   1.06213
   0.802246
   2.83521
   4.19653
   3.13452
   0.595947
   7.22272
   3.81738
   1.68860
   1.99005
   0.798096
   1.63214
   0.302063
   4.65332
   2.24097
   8.35205
   1.336670E-02
   0.508911
   3.50244
   0.342957
   0.710571
   3.65991
   2.01154
   5.21252
   0.377441
   1.67371
   1.97668
   1.85046
   2.65247
   3.15088
   1.89185
   3.77637
   1.58569
   0.755859
   1.69684
   3.198242E-02
   2.66577
   0.349976
   0.479736
   1.14722
   4.467773E-02
   1.20325
   1.36121
   0.139587
   2.84021
   2.54102
   1.38806
   1.40027
   0.272217
   3.98712
   4.51428
   0.522339
   1.22925
   1.73621
   0.460938
   3.22021
   0.485291
   1.28784
   1.49072
   0.674255
   3.15643
   6.20435
   0.640747
   2.86292
   2.69397
   3.02527
   5.36499
   5.993652E-02
   0.846924
   0.210938
   0.999390
   0.543457
   3.93738
   0.851563
   0.584229
   5.67786
   0.607544
   4.71741
   1.16138
   0.430420
   5.06580
   1.21912
   0.680237
   1.10492
   4.70825
   3.24939
   1.76666
   1.76843
   0.888916
   4.84985
   4.93555
   0.782837
   1.13208
   3.98877
   1.12415
   9.124756E-02
   1.94812
   3.12024
   1.05835
   4.23694
   2.10803
   1.28015
   0.974609
   0.873535
   0.358154
   7.04395
   2.75024
   8.45154
   1.45630
   0.426270
   0.453735
   0.186768
   5.175781E-02
   7.38037
   0.288696
   8.422852E-02
   1.56641
   1.16211
   4.65210
   0.180054
   0.158081
   1.45923
   2.21368
   1.97473
   1.47168
   6.31506
   2.05115
   0.401733
   5.786133E-02
   2.01514
   0.612915
   5.52136
   0.563477
   3.04004
   0.387085
   1.55505
   2.46094
   2.56641
   0.250854
   2.478027E-02
   4.34875
   0.204102
   4.86975
   0.859497
   0.718994
   2.82800
   2.15869
   0.464844
   1.55774
   0.419922
   4.52551
   0.283936
   7.702637E-02
   0.894165
   1.47095
   2.95618
   5.06482
   1.66418
   1.63562
   3.91052
   7.36615
   2.36499
   1.11377
   1.04199
   6.18335
   2.57788
   0.172241
   1.93555
   1.31799
   8.76160
   6.14050
   1.69104
   1.42303
   1.79077
   2.11523
   2.70068
   6.87140
   1.71851
   0.444214
   1.08057
   1.501465E-02
   1.96179
   4.01062
   7.38556
   0.173401
   4.04559
   0.111084
   1.08691
   6.87354
   0.446777
   5.554199E-03
   0.565247
   3.28064
   1.99573
   1.69617
   1.68591
   4.47229
   4.39258
   1.61230
   1.51135
   5.49744
   4.01526
   5.85297
   8.45667
   0.584351
   1.91919
   1.33899
   0.415344
   2.44336
   2.92944
   1.91711
   0.607056
   3.50720
   0.797729
   1.07275
   0.972778
   0.596558
   1.66895
   1.49707
   2.96716
   7.006836E-02
   3.60059
   8.557129E-02
   2.73425
   3.22937
   1.61646
   2.96912
   0.105347
   0.311890
   4.92395
   1.65662
   6.66760
   2.92920
   8.85376
   0.325928
   3.21594
   0.340942
   2.43665
   0.440796
   1.37115
   0.693481
   0.584717
   0.661255
   1.208496E-02
   9.521484E-02
   0.281616
   1.47034
   0.524048
   1.38855
   1.34406
   5.706787E-02
   7.46130
   0.896606
   5.27289
   11.4136
   3.21411
   1.88861
   1.59094
   0.966187
   0.492920
   0.278564
   0.100830
   1.21570
   1.35352
   2.21521
   0.555542
   7.00330
   1.00208
   0.637573
   0.601196
   0.332886
   0.607422
   2.79236
   2.75989
   0.966431
   1.59204
   1.18054
   0.234863
   1.80890
   0.327148
   4.846191E-02
   1.40063
   2.39978
   4.53632
   1.86987
   0.497070
   0.581543
   3.63208
   4.45032
   0.321411
   9.216309E-02
   0.863770
   0.270996
   1.33862
   0.943848
   2.60693
   0.462891
   4.33630
   7.36572
   0.993530
   1.26245
   1.30090
   0.459351
   2.14319
   0.654419
   0.724609
   4.87659
   0.363037
   5.66699
   0.440186
   0.753174
   8.51294
   2.62756
   0.833252
   1.31750
   1.30688
   1.84967
   0.881348
   0.639893
   3.36499
   2.39270
   3.44934
   0.319458
   7.983398E-02
   3.112793E-02
   0.278442
   7.946777E-02
   1.40283
   3.75806
   0.154419
   0.100464
   3.65332
   1.38867
   3.80481
   6.00293
   2.12158
   0.157959
   0.950439
   1.67786
   1.684570E-02
   0.605042
   1.72729
   8.557129E-02
   1.12817
   1.67310
   2.79211
   1.61865
   0.299316
   0.489624
   1.20459
   0.140015
   3.69409
   0.219116
   4.25745
   1.23499
   1.32117
   0.529907
   0.333008
   1.05981
   6.31195
   0.573486
   2.44226
   2.19727
   0.107056
   1.29651
   3.65186
   0.293213
   0.502197
   0.415588
   0.907837
   3.625488E-02
   0.391174
   2.62903
   4.84900
   7.24463
   0.802856
   3.97644
   1.29559
   4.31250
   2.02417
   3.30341
   1.15479
   3.73315
   4.64734
   8.618164E-02
   2.96228
   0.121399
   5.50952
   0.590332
   5.02014
   6.17822
   4.67120
   0.850342
   2.36029
   0.967773
   5.30481
   0.824402
   0.598999
   4.11450
   5.71667
   5.40729
   7.08838
   0.506958
   0.602905
   2.55090
   3.55420
   2.13611
   7.324219E-03
   0.891113
   0.558167
   0.671631
   2.16345
   0.296509
   0.514404
   2.66919
   3.01819
   9.58521
   4.79022
   3.49402
   3.59570
   2.30420
   9.997559E-02
   0.223816
   1.50092
   0.754395
   1.30536
   6.35132
   2.49939
   0.849243
   0.292969
   1.367188E-02
   0.796021
   1.67188
   2.74438
   1.61145
   7.812500E-02
   4.943848E-02
   1.05652
   2.94958
   0.831909
   0.927979
   4.39282
   1.20227
   0.417969
   9.814453E-02
   1.59662
   1.08679
   2.81030
   0.349365
   10.1045
   2.14319
   0.949341
   0.651489
   0.556885
   1.36340
   2.78113
   0.873962
   6.286621E-02
   1.56787
   3.79028
   4.50299
   0.406128
   0.362671
   1.78613
   0.883301
   0.796753
   1.51062
   0.869263
   0.526489
   0.544067
   3.92261
   1.45386
   1.66736
   1.29773
   0.800903
   4.26355
   0.195557
   2.24896
   3.42792
   1.58447
   1.428223E-02
   0.322510
   0.806885
   3.55530
   4.67224
   0.523193
   0.270874
   0.824707
   2.13275
   0.926636
   0.508911
   2.44214
   0.281006
   2.19836
   0.680054
   2.41589
   1.05383
   0.914795
   0.622314
   2.04004
   0.189575
   11.0345
   0.665771
   0.570068
   4.16956
   7.135010E-02
   6.16956
   0.293701
   0.891113
   2.22705
   0.318237
   0.445801
   0.762939
   0.259399
   1.32727
   1.99780
   3.31165
   5.98792
   4.66797
   0.965942
   15.3016
   4.29077
   3.08545
   0.972534
   3.20105
   4.47644
   0.263672
   5.432129E-02
   5.14594
   1.76196
   0.967896
   2.29614
   8.471680E-02
   0.935425
   2.27527
   0.990112
   2.10669
   1.46631
   0.777100
   1.92554
   0.257324
   0.151978
   2.82678
   6.91870
   5.383301E-02
   2.03882
   0.578918
   3.98743
   0.597656
   5.13867
   2.87756
   7.14990
   2.77100
   0.393127
   0.261475
   3.18213
   0.357666
   1.51929
   1.23810
   2.16785
   1.38623
   4.99512
   0.514404
   2.11890
   11.4349
   1.14526
   0.993652
   4.06451
   0.723145
   4.49719
   0.478027
   7.31030
   1.28967
   2.81726
   2.23273
   1.33398
   1.33289
   2.97046
   1.28748
   1.74438
   1.58179
   1.13794
   6.45911
   1.96558
   1.48810
   1.24353
   0.846802
   4.12817
   0.639160
   2.92932
   2.13037
   3.50293
   5.27917
   0.947266
   1.60101
   5.08966
   1.12555
   0.754639
   0.839111
   0.369629
   1.06067
   0.589844
   0.673584
   4.06482
   1.82275
   0.677673
   1.86267
   0.933105
   1.05518
   3.87427
   3.05615
   1.13269
   1.08398
   1.25671
   0.595703
   0.718872
   1.19336
   1.08521
   0.910278
   2.45190
   0.654541
   3.356934E-02
   0.203125
   3.63525
   0.521484
   5.19226
   5.11499
   1.82800
   5.04810
   4.406738E-02
   1.56445
   1.67590
   2.38538
   2.89978
   3.20105
   0.882813
   4.382324E-02
   6.219482E-02
   1.13184
   3.04919
   0.215454
   1.95459
   1.01599
   0.909119
   6.31555
   0.325928
   0.341797
   0.526733
   1.16064
   3.72083
   0.138306
   0.538818
   2.77295
   0.558594
   0.705078
   0.799194
   2.50574
   2.00562
   2.66876
   0.945190
   5.62354
   0.604858
   0.212402
