1 35 -110 57.700 0 0 2.5 -1.0000 0 0 2.5 1600.0
1 35 -110 57.500 0 0 2.5 -1.0000 0 0 2.5 1500.0
1 35 -110 59.000 0 0 2.5 -3.0000 0 0 2.5 1400.0
1 35 -110 60.000 0 0 2.5 -7.0000 0 0 2.5 1300.0
1 35 -110 59.000 0 0 2.5 -10.000 0 0 2.5 1200.0
1 35 -110 61.000 0 0 2.5 -15.000 0 0 2.5 1100.0
1 35 -110 58.000 0 0 2.5 -5.0000 0 0 2.5 1000.0
1 35 -110 51.000 0 0 2.5 4.0000 0 0 2.5 900.00
1 35 -110 44.000 0 0 2.5 3.0000 0 0 2.5 800.00
1 35 -110 50.000 0 0 2.5 0.0000 0 0 2.5 700.00
1 35 -110 53.000 0 0 2.5 3.0000 0 0 2.5 600.00
1 35 -110 54.000 0 0 2.5 6.0000 0 0 2.5 500.00
1 35 -110 58.000 0 0 2.5 12.000 0 0 2.5 400.00
1 35 -110 53.000 0 0 2.5 10.000 0 0 2.5 300.00
1 35 -110 53.000 0 0 2.5 7.0000 0 0 2.5 200.00
1 35 -110 54.000 0 0 2.5 3.0000 0 0 2.5 100.00
1 35 -110 52.000 0 0 2.5 0.0000 0 0 2.5 0.0000
1 35 -110 55.000 0 0 2.5 -4.0000 0 0 2.5 -100.00
1 35 -110 57.000 0 0 2.5 -8.0000 0 0 2.5 -200.00
1 35 -110 57.500 0 0 2.5 -5.0000 0 0 2.5 -300.00
1 35 -110 57.000 0 0 2.5 11.000 0 0 2.5 -400.00
1 35 -110 42.000 0 0 2.5 22.000 0 0 2.5 -500.00
1 35 -110 40.200 0 0 2.5 20.200 0 0 2.5 -600.00
1 35 -110 39.000 0 0 2.5 18.400 0 0 2.5 -700.00
1 35 -110 37.400 0 0 2.5 17.000 0 0 2.5 -800.00
1 35 -110 36.200 0 0 2.5 15.000 0 0 2.5 -900.00
1 35 -110 35.000 0 0 2.5 13.000 0 0 2.5 -1000.0
1 40 45 54.000 0 0 2.5 0 0 0 9999 1800.0
1 40 45 60.000 0 0 2.5 0 0 0 9999 1700.0
1 40 45 57.000 0 0 2.5 -14.700 0 0 2.5 1600.0
1 40 45 48.500 0 0 2.5 -13.300 0 0 2.5 1500.0
1 40 45 53.600 0 0 2.5 -7.6000 0 0 2.5 1400.0
1 40 45 59.100 0 0 2.5 -0.60000 0 0 2.5 1300.0
1 40 45 58.500 0 0 2.5 5.4000 0 0 2.5 1200.0
1 40 45 55.900 0 0 2.5 11.000 0 0 2.5 1100.0
1 40 45 59.200 0 0 2.5 -5.0000 0 0 2.5 1000.0
1 40 45 61.300 0 0 2.5 -12.400 0 0 2.5 900.00
1 40 45 58.900 0 0 2.5 -5.0000 0 0 2.5 800.00
1 40 45 47.200 0 0 2.5 0.70000 0 0 2.5 700.00
1 40 45 46.900 0 0 2.5 0.60000 0 0 2.5 600.00
1 40 45 57.100 0 0 2.5 -5.3000 0 0 2.5 500.00
1 40 45 60.300 0 0 2.5 -5.4000 0 0 2.5 400.00
1 40 45 59.300 0 0 2.5 0.40000 0 0 2.5 300.00
1 40 45 53.700 0 0 2.5 5.1000 0 0 2.5 200.00
1 40 45 52.900 0 0 2.5 0 0 0 9999 100.00
1 40 45 52.200 0 0 2.5 0 0 0 9999 0.0000
1 40 45 45.900 0 0 2.5 0 0 0 9999 -100.00
1 20 205 37.100 0 0 2.5 9.5000 0 0 2.5 1800.0
1 20 205 39.800 0 0 2.5 6.4000 0 0 2.5 1700.0
1 20 205 41.000 0 0 2.5 5.0000 0 0 2.5 1600.0
1 20 205 40.000 0 0 2.5 4.0000 0 0 2.5 1500.0
1 20 205 40.000 0 0 2.5 2.0000 0 0 2.5 1400.0
1 20 205 38.700 0 0 2.5 -0.30000 0 0 2.5 1300.0
1 20 205 37.000 0 0 2.5 -1.5000 0 0 2.5 1200.0
1 20 205 35.500 0 0 2.5 -2.0000 0 0 2.5 1100.0
1 20 205 31.000 0 0 2.5 -1.5000 0 0 2.5 1000.0
1 20 205 28.000 0 0 2.5 -0.80000 0 0 2.5 900.00
1 20 205 24.800 0 0 2.5 0.20000 0 0 2.5 800.00
1 20 205 22.800 0 0 2.5 2.0000 0 0 2.5 700.00
1 20 205 21.300 0 0 2.5 2.0000 0 0 2.5 600.00
1 20 205 21.000 0 0 2.5 1.8000 0 0 2.5 500.00
1 20 205 20.500 0 0 2.5 0.0000 0 0 2.5 400.00
1 20 205 19.000 0 0 2.5 -2.5000 0 0 2.5 300.00
1 20 205 16.200 0 0 2.5 -3.2000 0 0 2.5 200.00
1 20 205 15.700 0 0 2.5 -2.0000 0 0 2.5 100.00
1 20 205 15.200 0 0 2.5 -0.80000 0 0 2.5 0.0000
1 20 205 15.000 0 0 2.5 0.50000 0 0 2.5 -100.00
1 20 205 15.000 0 0 2.5 3.0000 0 0 2.5 -200.00
1 20 205 15.200 0 0 2.5 4.0000 0 0 2.5 -300.00
1 20 205 15.500 0 0 2.5 5.0000 0 0 2.5 -400.00
1 20 205 16.500 0 0 2.5 5.8000 0 0 2.5 -500.00
1 20 205 17.500 0 0 2.5 6.5000 0 0 2.5 -600.00
1 20 205 18.200 0 0 2.5 6.3000 0 0 2.5 -700.00
1 20 205 19.000 0 0 2.5 6.0000 0 0 2.5 -800.00
1 20 205 20.200 0 0 2.5 5.4000 0 0 2.5 -900.00
1 20 205 21.400 0 0 2.5 4.6000 0 0 2.5 -1000.0
1 35 135 48.000 0 0 2.5 0.0000 0 0 2.5 1800.0
1 35 135 42.000 0 0 2.5 5.0000 0 0 2.5 1700.0
1 35 135 38.000 0 0 2.5 6.0000 0 0 2.5 1600.0
1 35 135 42.000 0 0 2.5 3.0000 0 0 2.5 1500.0
1 35 135 47.000 0 0 2.5 3.0000 0 0 2.5 1400.0
1 35 135 55.000 0 0 2.5 8.0000 0 0 2.5 1300.0
1 35 135 58.000 0 0 2.5 0.0000 0 0 2.5 1200.0
1 35 135 53.000 0 0 2.5 -10.000 0 0 2.5 1100.0
1 35 135 50.000 0 0 2.5 -18.000 0 0 2.5 1000.0
1 35 135 48.000 0 0 2.5 -15.000 0 0 2.5 900.00
1 35 135 48.000 0 0 2.5 -12.000 0 0 2.5 800.00
1 35 135 56.000 0 0 2.5 -14.000 0 0 2.5 700.00
1 35 135 55.000 0 0 2.5 -16.000 0 0 2.5 600.00
1 35 135 48.000 0 0 2.5 -10.800 0 0 2.5 500.00
1 35 135 52.000 0 0 2.5 3.0000 0 0 2.5 400.00
1 35 135 56.000 0 0 2.5 7.0000 0 0 2.5 300.00
1 35 135 57.000 0 0 2.5 7.0000 0 0 2.5 200.00
1 35 135 52.000 0 0 2.5 -5.0000 0 0 2.5 100.00
1 35 135 46.000 0 0 2.5 -10.000 0 0 2.5 0.0000
1 17 265 40.000 0 0 2.5 7.0000 0 0 2.5 1800.0
1 17 265 34.000 0 0 2.5 4.1000 0 0 2.5 1700.0
1 17 265 30.400 0 0 2.5 1.0000 0 0 2.5 1600.0
1 17 265 29.500 0 0 2.5 -1.5000 0 0 2.5 1500.0
1 17 265 30.000 0 0 2.5 -2.0000 0 0 2.5 1400.0
1 17 265 30.500 0 0 2.5 -3.0000 0 0 2.5 1300.0
1 17 265 31.500 0 0 2.5 -13.000 0 0 2.5 1200.0
1 17 265 31.300 0 0 2.5 -14.500 0 0 2.5 1100.0
1 17 265 22.700 0 0 2.5 -8.1000 0 0 2.5 1000.0
1 17 265 12.300 0 0 2.5 -4.1000 0 0 2.5 900.00
1 17 265 18.900 0 0 2.5 0.0000 0 0 2.5 800.00
1 17 265 19.400 0 0 2.5 1.1000 0 0 2.5 700.00
1 17 265 29.300 0 0 2.5 -4.7000 0 0 2.5 600.00
1 17 265 36.000 0 0 2.5 -0.60000 0 0 2.5 500.00
1 17 265 36.400 0 0 2.5 1.5000 0 0 2.5 400.00
1 17 265 35.800 0 0 2.5 1.2000 0 0 2.5 300.00
1 17 265 33.900 0 0 2.5 0.60000 0 0 2.5 200.00
1 17 265 32.000 0 0 2.5 0.0000 0 0 2.5 100.00
1 17 265 34.700 0 0 2.5 -1.4000 0 0 2.5 0.0000
1 35 115 45.000 0 0 2.5 0 0 0 9999 1800.0
1 35 115 42.000 0 0 2.5 0 0 0 9999 1700.0
1 35 115 40.000 0 0 2.5 0 0 0 9999 1600.0
1 35 115 42.000 0 0 2.5 0 0 0 9999 1500.0
1 35 115 46.000 0 0 2.5 0 0 0 9999 1400.0
1 35 115 49.500 0 0 2.5 3.0000 0 0 2.5 1300.0
1 35 115 54.000 0 0 2.5 -15.000 0 0 2.5 1200.0
1 35 115 58.000 0 0 2.5 -13.000 0 0 2.5 1100.0
1 35 115 54.500 0 0 2.5 -12.000 0 0 2.5 1000.0
1 35 115 56.000 0 0 2.5 -11.000 0 0 2.5 900.00
1 35 115 58.000 0 0 2.5 -12.000 0 0 2.5 800.00
1 35 115 57.500 0 0 2.5 -13.000 0 0 2.5 700.00
1 35 115 55.000 0 0 2.5 -18.000 0 0 2.5 600.00
1 35 115 52.000 0 0 2.5 -21.000 0 0 2.5 500.00
1 35 115 50.000 0 0 2.5 -16.000 0 0 2.5 400.00
1 35 115 49.000 0 0 2.5 0.0000 0 0 2.5 300.00
1 35 115 48.500 0 0 2.5 5.0000 0 0 2.5 200.00
1 35 115 47.500 0 0 2.5 7.0000 0 0 2.5 100.00
1 35 115 43.000 0 0 2.5 10.000 0 0 2.5 0.0000
1 35 115 40.000 0 0 2.5 2.0000 0 0 2.5 -100.00
1 35 115 48.000 0 0 2.5 -9.0000 0 0 2.5 -200.00
1 35 115 46.000 0 0 2.5 -20.000 0 0 2.5 -300.00
1 35 115 46.500 0 0 2.5 -23.000 0 0 2.5 -400.00
1 35 115 49.500 0 0 2.5 -24.000 0 0 2.5 -500.00
1 35 115 52.500 0 0 2.5 -24.000 0 0 2.5 -600.00
1 35 115 55.200 0 0 2.5 -24.000 0 0 2.5 -700.00
1 35 115 58.000 0 0 2.5 -23.000 0 0 2.5 -800.00
1 35 115 60.700 0 0 2.5 -21.000 0 0 2.5 -900.00
1 35 115 59.000 0 0 2.5 -16.000 0 0 2.5 -1000.0
1 40 20 56.500 0 0 2.5 -14.000 0 0 2.5 1800.0
1 40 20 60.000 0 0 2.5 -10.000 0 0 2.5 1700.0
1 40 20 62.500 0 0 2.5 3.0000 0 0 2.5 1600.0
1 40 20 57.000 0 0 2.5 9.0000 0 0 2.5 1500.0
1 40 20 50.000 0 0 2.5 10.000 0 0 2.5 1400.0
1 40 20 50.000 0 0 2.5 12.000 0 0 2.5 1300.0
1 40 20 53.000 0 0 2.5 14.000 0 0 2.5 1200.0
1 40 20 55.000 0 0 2.5 17.000 0 0 2.5 1100.0
1 40 20 63.000 0 0 2.5 19.000 0 0 2.5 1000.0
1 40 20 65.000 0 0 2.5 12.000 0 0 2.5 900.00
1 40 20 59.000 0 0 2.5 2.0000 0 0 2.5 800.00
1 40 20 56.000 0 0 2.5 -5.0000 0 0 2.5 700.00
1 40 20 58.000 0 0 2.5 -7.0000 0 0 2.5 600.00
1 40 20 58.500 0 0 2.5 1.0000 0 0 2.5 500.00
1 40 20 58.500 0 0 2.5 1.0000 0 0 2.5 400.00
1 40 20 51.000 0 0 2.5 -1.0000 0 0 2.5 300.00
1 40 20 52.000 0 0 2.5 -7.0000 0 0 2.5 200.00
1 40 20 56.000 0 0 2.5 -3.0000 0 0 2.5 100.00
1 40 20 56.800 0 0 2.5 -2.0000 0 0 2.5 0.0000
1 40 20 57.000 0 0 2.5 -2.0000 0 0 2.5 -100.00
1 40 20 58.000 0 0 2.5 -4.0000 0 0 2.5 -200.00
1 40 20 61.000 0 0 2.5 -12.000 0 0 2.5 -300.00
1 40 20 62.000 0 0 2.5 -5.0000 0 0 2.5 -400.00
1 40 20 62.000 0 0 2.5 1.0000 0 0 2.5 -500.00
1 40 20 63.000 0 0 2.5 -2.0000 0 0 2.5 -600.00
1 40 20 66.000 0 0 2.5 -2.0000 0 0 2.5 -700.00
1 40 20 68.000 0 0 2.5 10.000 0 0 2.5 -800.00
1 40 20 64.000 0 0 2.5 18.000 0 0 2.5 -900.00
1 40 20 57.000 0 0 2.5 15.000 0 0 2.5 -1000.0
1 50 30 72.000 0 0 2.5 2.0000 0 0 2.5 1600.0
1 50 30 66.000 0 0 2.5 7.0000 0 0 2.5 1500.0
1 50 30 61.000 0 0 2.5 10.000 0 0 2.5 1400.0
1 50 30 65.000 0 0 2.5 16.000 0 0 2.5 1300.0
1 50 30 64.000 0 0 2.5 17.000 0 0 2.5 1200.0
1 50 30 66.000 0 0 2.5 10.000 0 0 2.5 1100.0
1 50 30 72.000 0 0 2.5 13.000 0 0 2.5 1000.0
1 50 30 75.000 0 0 2.5 4.0000 0 0 2.5 900.00
1 50 30 73.000 0 0 2.5 0.0000 0 0 2.5 800.00
1 50 30 74.000 0 0 2.5 -14.000 0 0 2.5 700.00
1 50 30 74.000 0 0 2.5 -16.000 0 0 2.5 600.00
1 50 30 72.000 0 0 2.5 -11.000 0 0 2.5 500.00
1 50 30 68.000 0 0 2.5 -4.0000 0 0 2.5 400.00
1 50 30 63.000 0 0 2.5 -3.0000 0 0 2.5 300.00
1 50 30 64.000 0 0 2.5 2.0000 0 0 2.5 200.00
1 50 30 68.000 0 0 2.5 9.0000 0 0 2.5 100.00
1 50 30 72.000 0 0 2.5 10.000 0 0 2.5 0.0000
1 50 30 76.000 0 0 2.5 3.0000 0 0 2.5 -100.00
1 50 30 76.000 0 0 2.5 -6.0000 0 0 2.5 -200.00
1 50 30 74.000 0 0 2.5 -14.000 0 0 2.5 -300.00
1 50 30 71.000 0 0 2.5 -18.000 0 0 2.5 -400.00
1 50 30 68.000 0 0 2.5 -10.000 0 0 2.5 -500.00
1 50 30 70.000 0 0 2.5 11.000 0 0 2.5 -600.00
1 50 30 76.500 0 0 2.5 40.000 0 0 2.5 -700.00
1 50 30 67.000 0 0 2.5 40.000 0 0 2.5 -800.00
1 50 30 57.200 0 0 2.5 22.000 0 0 2.5 -900.00
1 50 30 60.000 0 0 2.5 10.000 0 0 2.5 -1000.0
1 50 0 71.000 0 0 2.5 -21.000 0 0 2.5 1800.0
1 50 0 72.500 0 0 2.5 -7.0000 0 0 2.5 1700.0
1 50 0 69.000 0 0 2.5 10.000 0 0 2.5 1600.0
1 50 0 61.000 0 0 2.5 8.0000 0 0 2.5 1500.0
1 50 0 57.000 0 0 2.5 2.0000 0 0 2.5 1400.0
1 50 0 56.000 0 0 2.5 7.0000 0 0 2.5 1300.0
1 50 0 61.000 0 0 2.5 13.000 0 0 2.5 1200.0
1 50 0 62.000 0 0 2.5 16.000 0 0 2.5 1100.0
1 50 0 65.000 0 0 2.5 22.000 0 0 2.5 1000.0
1 50 0 71.000 0 0 2.5 13.000 0 0 2.5 900.00
1 50 0 73.000 0 0 2.5 5.0000 0 0 2.5 800.00
1 50 0 73.000 0 0 2.5 2.0000 0 0 2.5 700.00
1 50 0 61.000 0 0 2.5 0.0000 0 0 2.5 600.00
1 50 0 63.000 0 0 2.5 -1.0000 0 0 2.5 500.00
1 50 0 65.000 0 0 2.5 -2.0000 0 0 2.5 400.00
1 50 0 63.000 0 0 2.5 0.0000 0 0 2.5 300.00
1 50 0 61.000 0 0 2.5 -1.0000 0 0 2.5 200.00
1 50 0 64.000 0 0 2.5 -1.0000 0 0 2.5 100.00
1 50 0 68.000 0 0 2.5 -3.0000 0 0 2.5 0.0000
1 50 0 71.000 0 0 2.5 -4.0000 0 0 2.5 -100.00
1 50 0 70.000 0 0 2.5 -5.0000 0 0 2.5 -200.00
1 50 0 69.000 0 0 2.5 -7.0000 0 0 2.5 -300.00
1 50 0 68.000 0 0 2.5 -7.0000 0 0 2.5 -400.00
1 50 0 65.000 0 0 2.5 24.000 0 0 2.5 -500.00
1 50 0 64.000 0 0 2.5 28.000 0 0 2.5 -600.00
1 50 0 63.000 0 0 2.5 22.000 0 0 2.5 -700.00
1 50 0 62.000 0 0 2.5 17.000 0 0 2.5 -800.00
1 50 0 61.000 0 0 2.5 12.000 0 0 2.5 -900.00
1 50 0 64.000 0 0 2.5 11.000 0 0 2.5 -1000.0
1 -35.8 174.9 -63.000 0 0 2.5 13.000 0 0 2.5 1800.0
1 -35.8 174.9 -62.400 0 0 2.5 10.000 0 0 2.5 1700.0
1 -35.8 174.9 -61.700 0 0 2.5 7.0000 0 0 2.5 1600.0
1 -35.8 174.9 -61.100 0 0 2.5 4.3000 0 0 2.5 1500.0
1 -35.8 174.9 -62.200 0 0 2.5 0.80000 0 0 2.5 1400.0
1 -35.8 174.9 -62.300 0 0 2.5 -1.4000 0 0 2.5 1300.0
1 -35.8 174.9 -61.400 0 0 2.5 -4.1000 0 0 2.5 1200.0
1 -35.8 174.9 -61.600 0 0 2.5 -7.0000 0 0 2.5 1100.0
1 -35.8 174.9 0 0 0 9999 -10.100 0 0 2.5 1000.0
1 -38 145 -71.000 0 0 2.5 3.0000 0 0 2.5 1700.0
1 -38 145 -67.500 0 0 2.5 5.0000 0 0 2.5 1600.0
1 -38 145 -64.000 0 0 2.5 7.0000 0 0 2.5 1500.0
1 -38 145 -60.000 0 0 2.5 -1.0000 0 0 2.5 1400.0
1 -38 145 -56.000 0 0 2.5 -9.0000 0 0 2.5 1300.0
1 -38 145 -54.000 0 0 2.5 -15.000 0 0 2.5 1200.0
1 -38 145 -54.000 0 0 2.5 -16.500 0 0 2.5 1100.0
1 -38 145 -56.000 0 0 2.5 -14.000 0 0 2.5 1000.0
1 -38 145 -59.500 0 0 2.5 2.0000 0 0 2.5 -200.00
1 -38 145 -60.000 0 0 2.5 3.0000 0 0 2.5 -300.00
1 -38 145 -57.500 0 0 2.5 1.0000 0 0 2.5 -400.00
1 -38 145 -55.000 0 0 2.5 -2.0000 0 0 2.5 -500.00
1 -38 145 -52.500 0 0 2.5 -5.0000 0 0 2.5 -600.00
1 46 106 69.200 0 0 2.5 0 0 0 9999 1900.0
1 46 106 64.500 0 0 2.5 0 0 0 9999 1800.0
1 46 106 58.000 0 0 2.5 0 0 0 9999 1700.0
1 46 106 56.000 0 0 2.5 0 0 0 9999 1600.0
1 46 106 58.000 0 0 2.5 0 0 0 9999 1500.0
1 46 106 60.000 0 0 2.5 0 0 0 9999 1400.0
1 46 106 64.000 0 0 2.5 0 0 0 9999 1300.0
1 46 106 64.100 0 0 2.5 0 0 0 9999 1200.0
1 46 106 64.300 0 0 2.5 0 0 0 9999 1100.0
1 46 106 64.400 0 0 2.5 0 0 0 9999 1000.0
1 46 106 68.000 0 0 2.5 0 0 0 9999 900.00
1 46 106 69.500 0 0 2.5 0 0 0 9999 800.00
1 46 106 61.000 0 0 2.5 0 0 0 9999 700.00
1 -17.3 145.6 -41.000 0 0 3.5 2.5000 0 0 5 1400.0
1 -17.3 145.6 -36.000 0 0 3.5 -0.50000 0 0 5 1300.0
1 -17.3 145.6 -28.500 0 0 3.5 -1.5000 0 0 5 1200.0
1 -17.3 145.6 -26.700 0 0 3.5 -0.50000 0 0 5 1100.0
1 -17.3 145.6 -25.600 0 0 3.5 -1.0000 0 0 5 1000.0
1 -17.3 145.6 -26.200 0 0 3.5 0.40000 0 0 5 900.00
1 -17.3 145.6 -26.500 0 0 3.5 2.0000 0 0 5 800.00
1 -17.3 145.6 -28.400 0 0 3.5 4.0000 0 0 5 700.00
1 -17.3 145.6 -27.200 0 0 3.5 4.5000 0 0 5 600.00
1 -17.3 145.6 -27.000 0 0 3.5 -4.5000 0 0 5 500.00
1 -17.3 145.6 -27.500 0 0 3.5 -1.0000 0 0 5 400.00
1 -17.3 145.6 -26.600 0 0 3.5 -7.5000 0 0 5 300.00
1 -17.3 145.6 -24.200 0 0 3.5 -8.9000 0 0 5 200.00
1 -17.3 145.6 -24.300 0 0 3.5 -2.5000 0 0 5 100.00
1 -17.3 145.6 -27.200 0 0 3.5 3.2000 0 0 5 0.0000
1 -17.3 145.6 -27.700 0 0 3.5 -0.20000 0 0 5 -100.00
1 -17.3 145.6 -25.500 0 0 3.5 6.5000 0 0 5 -200.00
1 -17.3 145.6 -21.500 0 0 3.5 7.0000 0 0 5 -300.00
1 -17.3 145.6 -23.000 0 0 3.5 9.7000 0 0 5 -400.00
1 -17.3 145.6 -26.000 0 0 3.5 9.8000 0 0 5 -500.00
1 -17.3 145.6 -29.900 0 0 3.5 0.30000 0 0 5 -600.00
1 -17.3 145.6 -30.600 0 0 3.5 4.4000 0 0 5 -700.00
1 -17.3 145.6 -31.000 0 0 3.5 4.5000 0 0 5 -800.00
1 -17.3 145.6 -32.800 0 0 3.5 1.0000 0 0 5 -900.00
1 -17.3 145.6 -33.000 0 0 3.5 -3.5000 0 0 5 -1000.0
1 52.4 106.1 67.000 0 0 3.5 14.000 0 0 5 1700.0
1 52.4 106.1 64.000 0 0 3.5 0.0000 0 0 5 1600.0
1 52.4 106.1 67.500 0 0 3.5 11.000 0 0 5 1500.0
1 52.4 106.1 70.500 0 0 3.5 15.000 0 0 5 1400.0
1 52.4 106.1 73.000 0 0 3.5 -4.0000 0 0 5 1300.0
1 52.4 106.1 75.500 0 0 3.5 -28.000 0 0 5 1200.0
1 52.4 106.1 78.000 0 0 3.5 -40.000 0 0 5 1100.0
1 52.4 106.1 78.500 0 0 3.5 -30.000 0 0 5 1000.0
1 52.4 106.1 78.000 0 0 3.5 -15.000 0 0 5 900.00
1 52.4 106.1 74.000 0 0 3.5 -21.000 0 0 5 800.00
1 52.4 106.1 76.000 0 0 3.5 -15.000 0 0 5 700.00
1 52.4 106.1 75.000 0 0 3.5 -10.000 0 0 5 600.00
1 52.4 106.1 71.500 0 0 3.5 -5.0000 0 0 5 500.00
1 52.4 106.1 70.000 0 0 3.5 5.0000 0 0 5 400.00
1 52.4 106.1 69.000 0 0 3.5 15.000 0 0 5 300.00
1 52.4 106.1 62.000 0 0 3.5 5.0000 0 0 5 200.00
1 52.4 106.1 59.000 0 0 3.5 5.0000 0 0 5 100.00
1 52.4 106.1 57.500 0 0 3.5 8.0000 0 0 5 0.0000
1 52.4 106.1 55.500 0 0 3.5 0.0000 0 0 5 -100.00
1 52.4 106.1 54.500 0 0 3.5 -14.000 0 0 5 -200.00
1 52.4 106.1 57.500 0 0 3.5 -24.000 0 0 5 -300.00
1 52.4 106.1 64.000 0 0 3.5 -30.000 0 0 5 -400.00
1 52.4 106.1 66.500 0 0 3.5 -37.000 0 0 5 -500.00
1 52.4 106.1 67.000 0 0 3.5 -41.000 0 0 5 -600.00
1 52.4 106.1 68.000 0 0 3.5 -42.000 0 0 5 -700.00
1 52.4 106.1 72.500 0 0 3.5 -47.000 0 0 5 -800.00
1 52.4 106.1 77.000 0 0 3.5 -50.000 0 0 5 -900.00
1 52.4 106.1 75.000 0 0 3.5 -40.000 0 0 5 -1000.0
1 2.6 36.6 2.0000 0 0 3.5 0 0 0 9999 1800.0
1 2.6 36.6 15.000 0 0 3.5 0 0 0 9999 1700.0
1 2.6 36.6 15.000 0 0 3.5 0 0 0 9999 1600.0
1 2.6 36.6 7.0000 0 0 3.5 0 0 0 9999 1500.0
1 2.6 36.6 -2.0000 0 0 3.5 0 0 0 9999 1400.0
1 2.6 36.6 -1.0000 0 0 3.5 0 0 0 9999 1300.0
1 2.6 36.6 3.0000 0 0 3.5 0 0 0 9999 1200.0
1 2.6 36.6 10.000 0 0 3.5 0 0 0 9999 1100.0
1 2.6 36.6 17.000 0 0 3.5 0 0 0 9999 1000.0
1 2.6 36.6 22.000 0 0 3.5 0 0 0 9999 900.00
1 2.6 36.6 10.000 0 0 3.5 0 0 0 9999 800.00
1 2.6 36.6 7.0000 0 0 3.5 0 0 0 9999 700.00
1 2.6 36.6 10.000 0 0 3.5 0 0 0 9999 600.00
1 2.6 36.6 10.000 0 0 3.5 0 0 0 9999 500.00
1 2.6 36.6 8.0000 0 0 3.5 0 0 0 9999 400.00
1 2.6 36.6 5.0000 0 0 3.5 0 0 0 9999 300.00
1 2.6 36.6 5.5000 0 0 3.5 0 0 0 9999 200.00
1 2.6 36.6 5.0000 0 0 3.5 0 0 0 9999 100.00
1 2.6 36.6 0.0000 0 0 3.5 0 0 0 9999 0.0000
1 2.6 36.6 4.0000 0 0 3.5 0 0 0 9999 -100.00
1 2.6 36.6 9.0000 0 0 3.5 0 0 0 9999 -200.00
1 2.6 36.6 11.000 0 0 3.5 0 0 0 9999 -300.00
1 2.6 36.6 12.000 0 0 3.5 0 0 0 9999 -400.00
1 2.6 36.6 13.000 0 0 3.5 0 0 0 9999 -500.00
1 2.6 36.6 12.500 0 0 3.5 0 0 0 9999 -600.00
1 2.6 36.6 14.000 0 0 3.5 0 0 0 9999 -700.00
1 2.6 36.6 14.500 0 0 3.5 0 0 0 9999 -800.00
1 2.6 36.6 8.0000 0 0 3.5 0 0 0 9999 -900.00
1 2.6 36.6 6.0000 0 0 3.5 0 0 0 9999 -1000.0
1 42.6 241.4 66.000 0 0 3.5 17.500 0 0 5 1800.0
1 42.6 241.4 63.000 0 0 3.5 16.000 0 0 5 1700.0
1 42.6 241.4 62.000 0 0 3.5 15.000 0 0 5 1600.0
1 42.6 241.4 61.000 0 0 3.5 13.000 0 0 5 1500.0
1 42.6 241.4 60.900 0 0 3.5 10.300 0 0 5 1400.0
1 42.6 241.4 58.500 0 0 3.5 2.4000 0 0 5 1300.0
1 42.6 241.4 57.700 0 0 3.5 -2.0000 0 0 5 1200.0
1 42.6 241.4 58.300 0 0 3.5 -3.3000 0 0 5 1100.0
1 42.6 241.4 61.000 0 0 3.5 -5.0000 0 0 5 1000.0
1 42.6 241.4 59.700 0 0 3.5 -1.0000 0 0 5 900.00
1 42.6 241.4 57.200 0 0 3.5 4.3000 0 0 5 800.00
1 42.6 241.4 46.700 0 0 3.5 11.500 0 0 5 700.00
1 42.6 241.4 48.000 0 0 3.5 14.500 0 0 5 600.00
1 42.6 241.4 51.000 0 0 3.5 16.500 0 0 5 500.00
1 42.6 241.4 54.500 0 0 3.5 15.800 0 0 5 400.00
1 42.6 241.4 54.400 0 0 3.5 9.5000 0 0 5 300.00
1 42.6 241.4 53.500 0 0 3.5 2.6000 0 0 5 200.00
1 42.6 241.4 55.300 0 0 3.5 -1.9000 0 0 5 100.00
1 42.6 241.4 55.000 0 0 3.5 -6.0000 0 0 5 0.0000
1 42.6 241.4 54.000 0 0 3.5 -5.2000 0 0 5 -100.00
1 42.6 241.4 53.400 0 0 3.5 3.5000 0 0 5 -200.00
1 42.6 241.4 55.300 0 0 3.5 10.200 0 0 5 -300.00
1 42.6 241.4 54.700 0 0 3.5 15.000 0 0 5 -400.00
1 42.6 241.4 47.500 0 0 3.5 23.000 0 0 5 -500.00
1 42.6 241.4 45.000 0 0 3.5 22.800 0 0 5 -600.00
1 42.6 241.4 44.100 0 0 3.5 23.000 0 0 5 -700.00
1 42.6 241.4 42.600 0 0 3.5 22.000 0 0 5 -800.00
1 42.6 241.4 40.900 0 0 3.5 17.000 0 0 5 -900.00
1 42.6 241.4 42.000 0 0 3.5 15.500 0 0 5 -1000.0
1 66 337 75.000 0 0 3.5 0.0000 0 0 5 1500.0
1 66 337 71.200 0 0 3.5 -14.000 0 0 5 1400.0
1 66 337 69.700 0 0 3.5 1.5000 0 0 5 1300.0
1 66 337 71.000 0 0 3.5 7.0000 0 0 5 1200.0
1 66 337 73.500 0 0 3.5 16.500 0 0 5 1100.0
1 66 337 75.200 0 0 3.5 25.500 0 0 5 1000.0
1 66 337 76.500 0 0 3.5 29.000 0 0 5 900.00
1 66 337 77.400 0 0 3.5 23.000 0 0 5 800.00
1 66 337 77.700 0 0 3.5 5.0000 0 0 5 700.00
1 66 337 77.200 0 0 3.5 -2.8000 0 0 5 600.00
1 66 337 76.000 0 0 3.5 -5.0000 0 0 5 500.00
1 66 337 75.000 0 0 3.5 -5.0000 0 0 5 400.00
1 66 337 74.400 0 0 3.5 -5.0000 0 0 5 300.00
1 66 337 73.800 0 0 3.5 -7.0000 0 0 5 200.00
1 66 337 73.500 0 0 3.5 -9.0000 0 0 5 100.00
1 66 337 74.500 0 0 3.5 -11.000 0 0 5 0.0000
1 66 337 75.600 0 0 3.5 -11.200 0 0 5 -100.00
1 66 337 77.000 0 0 3.5 -8.2200 0 0 5 -200.00
1 66 337 78.200 0 0 3.5 -0.30000 0 0 5 -300.00
1 66 337 77.900 0 0 3.5 17.500 0 0 5 -400.00
1 66 337 76.200 0 0 3.5 29.000 0 0 5 -500.00
1 66 337 74.600 0 0 3.5 34.500 0 0 5 -600.00
1 66 337 73.400 0 0 3.5 35.000 0 0 5 -700.00
1 66 337 74.400 0 0 3.5 30.000 0 0 5 -800.00
1 66 337 75.800 0 0 3.5 21.500 0 0 5 -900.00
1 66 337 76.500 0 0 3.5 17.500 0 0 5 -1000.0
1 -38.2 142.9 -67.500 0 0 3.5 1.0000 0 0 5 1800.0
1 -38.2 142.9 -67.000 0 0 3.5 2.0000 0 0 5 1700.0
1 -38.2 142.9 -66.000 0 0 3.5 2.2000 0 0 5 1600.0
1 -38.2 142.9 -65.700 0 0 3.5 2.2000 0 0 5 1500.0
1 -38.2 142.9 -66.500 0 0 3.5 1.3000 0 0 5 1400.0
1 -38.2 142.9 -67.800 0 0 3.5 0.40000 0 0 5 1300.0
1 -38.2 142.9 -66.200 0 0 3.5 -1.9000 0 0 5 1200.0
1 -38.2 142.9 -64.500 0 0 3.5 -1.0000 0 0 5 1100.0
1 -38.2 142.9 -62.400 0 0 3.5 -1.8000 0 0 5 1000.0
1 -38.2 142.9 -61.000 0 0 3.5 -4.0000 0 0 5 900.00
1 -38.2 142.9 -58.100 0 0 3.5 -8.3000 0 0 5 800.00
1 -38.2 142.9 -56.500 0 0 3.5 -9.3000 0 0 5 700.00
1 -38.2 142.9 -56.100 0 0 3.5 -8.5000 0 0 5 600.00
1 -38.2 142.9 -55.800 0 0 3.5 -7.3000 0 0 5 500.00
1 -38.2 142.9 -54.900 0 0 3.5 -5.6000 0 0 5 400.00
1 -38.2 142.9 -54.700 0 0 3.5 -3.4000 0 0 5 300.00
1 -38.2 142.9 -55.000 0 0 3.5 -3.1000 0 0 5 200.00
1 -38.2 142.9 -54.700 0 0 3.5 -2.4000 0 0 5 100.00
1 -38.2 142.9 -55.000 0 0 3.5 0.30000 0 0 5 0.0000
1 -38.2 142.9 -53.900 0 0 3.5 -0.40000 0 0 5 -100.00
1 -38.2 142.9 -56.100 0 0 3.5 0.0000 0 0 5 -200.00
1 -38.2 142.9 -56.300 0 0 3.5 -1.3000 0 0 5 -300.00
1 -38.2 142.9 -57.900 0 0 3.5 -0.80000 0 0 5 -400.00
1 -38.2 142.9 -59.600 0 0 3.5 3.3000 0 0 5 -500.00
1 -38.2 142.9 -58.900 0 0 3.5 -2.2000 0 0 5 -600.00
1 -38.2 142.9 -59.500 0 0 3.5 -6.0000 0 0 5 -700.00
1 -38.2 142.9 -59.300 0 0 3.5 -7.0000 0 0 5 -800.00
1 -38.2 142.9 -59.600 0 0 3.5 -7.6000 0 0 5 -900.00
1 -38.2 142.9 -58.800 0 0 3.5 -5.8000 0 0 5 -1000.0
1 41.9 280.1 73.100 0 0 3.5 -0.60000 0 0 5 1800.0
1 41.9 280.1 73.500 0 0 3.5 3.0000 0 0 5 1700.0
1 41.9 280.1 72.000 0 0 3.5 6.0000 0 0 5 1600.0
1 41.9 280.1 70.500 0 0 3.5 5.5000 0 0 5 1500.0
1 41.9 280.1 65.500 0 0 3.5 4.5000 0 0 5 1400.0
1 41.9 280.1 63.500 0 0 3.5 1.0000 0 0 5 1300.0
1 41.9 280.1 61.000 0 0 3.5 -3.5000 0 0 5 1200.0
1 41.9 280.1 58.000 0 0 3.5 -10.500 0 0 5 1100.0
1 41.9 280.1 53.000 0 0 3.5 -20.000 0 0 5 1000.0
1 41.9 280.1 50.000 0 0 3.5 -18.000 0 0 5 900.00
1 41.9 280.1 49.200 0 0 3.5 -9.0000 0 0 5 800.00
1 41.9 280.1 51.500 0 0 3.5 3.0000 0 0 5 700.00
1 41.9 280.1 54.000 0 0 3.5 7.9000 0 0 5 600.00
1 41.9 280.1 55.400 0 0 3.5 8.2000 0 0 5 500.00
1 41.9 280.1 56.000 0 0 3.5 5.8000 0 0 5 400.00
1 41.9 280.1 55.600 0 0 3.5 1.5000 0 0 5 300.00
1 41.9 280.1 54.000 0 0 3.5 -7.0000 0 0 5 200.00
1 41.9 280.1 54.500 0 0 3.5 -10.000 0 0 5 100.00
1 41.9 280.1 56.200 0 0 3.5 -10.800 0 0 5 0.0000
1 41.9 280.1 57.700 0 0 3.5 -10.500 0 0 5 -100.00
1 41.9 280.1 61.000 0 0 3.5 -8.0000 0 0 5 -200.00
1 41.9 280.1 60.300 0 0 3.5 -4.5000 0 0 5 -300.00
1 41.9 280.1 59.500 0 0 3.5 -1.5000 0 0 5 -400.00
1 41.9 280.1 54.500 0 0 3.5 11.000 0 0 5 -500.00
1 41.9 280.1 53.500 0 0 3.5 14.000 0 0 5 -600.00
1 41.9 280.1 53.000 0 0 3.5 15.200 0 0 5 -700.00
1 41.9 280.1 51.700 0 0 3.5 17.000 0 0 5 -800.00
1 41.9 280.1 51.200 0 0 3.5 14.500 0 0 5 -900.00
1 41.9 280.1 52.500 0 0 3.5 9.5000 0 0 5 -1000.0
1 56.1 355.3 73.000 0 0 3.5 -23.0000 0 0 5 1800.0
1 56.1 355.3 75.500 0 0 3.5 -5.70000 0 0 5 1700.0
1 56.1 355.3 72.500 0 0 3.5 -3.00000 0 0 5 1600.0
1 56.1 355.3 69.500 0 0 3.5 -5.00000 0 0 5 1500.0
1 56.1 355.3 67.300 0 0 3.5 -13.5000 0 0 5 1400.0
1 56.1 355.3 65.000 0 0 3.5 -14.5000 0 0 5 1300.0
1 56.1 355.3 67.800 0 0 3.5 -4.50000 0 0 5 1200.0
1 56.1 355.3 68.000 0 0 3.5 5.00000 0 0 5 1100.0
1 56.1 355.3 68.600 0 0 3.5 10.8000 0 0 5 1000.0
1 56.1 355.3 74.500 0 0 3.5 7.00000 0 0 5 900.00
1 56.1 355.3 77.000 0 0 3.5 -2.20000 0 0 5 800.00
1 56.1 355.3 76.000 0 0 3.5 -0.500000 0 0 5 700.00
1 56.1 355.3 71.300 0 0 3.5 -5.80000 0 0 5 600.00
1 56.1 355.3 70.300 0 0 3.5 -7.50000 0 0 5 500.00
1 56.1 355.3 71.000 0 0 3.5 -4.00000 0 0 5 400.00
1 56.1 355.3 72.700 0 0 3.5 -6.50000 0 0 5 300.00
1 56.1 355.3 72.300 0 0 3.5 -2.20000 0 0 5 200.00
1 56.1 355.3 72.500 0 0 3.5 -6.00000 0 0 5 100.00
1 56.1 355.3 72.500 0 0 3.5 -8.00000 0 0 5 0.0000
1 56.1 355.3 74.000 0 0 3.5 -14.0000 0 0 5 -100.00
1 56.1 355.3 75.000 0 0 3.5 -11.0000 0 0 5 -200.00
1 56.1 355.3 76.500 0 0 3.5 1.00000 0 0 5 -300.00
1 56.1 355.3 76.000 0 0 3.5 8.00000 0 0 5 -400.00
1 56.1 355.3 75.500 0 0 3.5 16.0000 0 0 5 -500.00
1 56.1 355.3 73.300 0 0 3.5 23.5000 0 0 5 -600.00
1 56.1 355.3 73.200 0 0 3.5 22.0000 0 0 5 -700.00
1 56.1 355.3 74.000 0 0 3.5 19.5000 0 0 5 -800.00
1 56.1 355.3 76.000 0 0 3.5 16.5000 0 0 5 -900.00
1 56.1 355.3 75.000 0 0 3.5 12.0000 0 0 5 -1000.0
1 45 267.2 74.100 0 0 3.5 5.5000 0 0 5 1800.0
1 45 267.2 73.000 0 0 3.5 0.0000 0 0 5 1700.0
1 45 267.2 70.200 0 0 3.5 -7.2000 0 0 5 1600.0
1 45 267.2 67.200 0 0 3.5 -8.0000 0 0 5 1500.0
1 45 267.2 65.600 0 0 3.5 0.60000 0 0 5 1400.0
1 45 267.2 63.200 0 0 3.5 -1.2000 0 0 5 1300.0
1 45 267.2 62.700 0 0 3.5 -12.100 0 0 5 1200.0
1 45 267.2 61.200 0 0 3.5 -17.900 0 0 5 1100.0
1 45 267.2 60.000 0 0 3.5 -11.000 0 0 5 1000.0
1 45 267.2 58.700 0 0 3.5 -6.0000 0 0 5 900.00
1 45 267.2 58.000 0 0 3.5 2.0000 0 0 5 800.00
1 45 267.2 54.000 0 0 3.5 20.000 0 0 5 700.00
1 45 267.2 55.000 0 0 3.5 19.000 0 0 5 600.00
1 45 267.2 56.400 0 0 3.5 24.000 0 0 5 500.00
1 45 267.2 60.500 0 0 3.5 35.000 0 0 5 400.00
1 45 267.2 58.700 0 0 3.5 32.700 0 0 5 300.00
1 45 267.2 57.000 0 0 3.5 24.000 0 0 5 200.00
1 45 267.2 57.700 0 0 3.5 15.000 0 0 5 100.00
1 45 267.2 58.900 0 0 3.5 10.300 0 0 5 0.0000
1 45 267.2 60.200 0 0 3.5 4.0000 0 0 5 -100.00
1 45 267.2 62.800 0 0 3.5 -5.0000 0 0 5 -200.00
1 45 267.2 63.700 0 0 3.5 1.6000 0 0 5 -300.00
1 45 267.2 62.000 0 0 3.5 0.0000 0 0 5 -400.00
1 45 267.2 59.600 0 0 3.5 25.000 0 0 5 -500.00
1 45 267.2 58.800 0 0 3.5 45.000 0 0 5 -600.00
1 45 267.2 58.000 0 0 3.5 43.000 0 0 5 -700.00
1 45 267.2 54.000 0 0 3.5 42.500 0 0 5 -800.00
1 45 267.2 49.000 0 0 3.5 39.000 0 0 5 -900.00
1 45 267.2 48.500 0 0 3.5 28.500 0 0 5 -1000.0
1 -41.3 175.2 -63.500 0 0 3.5 13.800 0 0 5 1700.0
1 -41.3 175.2 -64.400 0 0 3.5 11.000 0 0 5 1600.0
1 -41.3 175.2 -60.000 0 0 3.5 5.4000 0 0 5 1500.0
1 -41.3 175.2 -61.000 0 0 3.5 5.9000 0 0 5 1400.0
1 -41.3 175.2 -61.500 0 0 3.5 3.4000 0 0 5 1300.0
1 -41.3 175.2 -61.100 0 0 3.5 1.9000 0 0 5 1200.0
1 -41.3 175.2 -61.200 0 0 3.5 -0.70000 0 0 5 1100.0
1 -41.3 175.2 -60.700 0 0 3.5 -4.5000 0 0 5 1000.0
1 -41.3 175.2 -61.200 0 0 3.5 -5.1000 0 0 5 900.00
1 -41.3 175.2 -59.500 0 0 3.5 -2.5000 0 0 5 800.00
1 -41.3 175.2 -60.500 0 0 3.5 -7.2000 0 0 5 700.00
1 -41.3 175.2 -59.100 0 0 3.5 -12.500 0 0 5 600.00
1 -41.3 175.2 -58.000 0 0 3.5 -17.300 0 0 5 500.00
1 -41.3 175.2 -55.100 0 0 3.5 -17.800 0 0 5 400.00
1 -41.3 175.2 -52.700 0 0 3.5 -16.300 0 0 5 300.00
1 -41.3 175.2 -54.100 0 0 3.5 -17.300 0 0 5 200.00
1 -41.3 175.2 -52.600 0 0 3.5 -12.700 0 0 5 100.00
1 -41.3 175.2 -54.300 0 0 3.5 -8.6000 0 0 5 0.0000
1 -41.3 175.2 -53.500 0 0 3.5 -5.2000 0 0 5 -100.00
1 -41.3 175.2 -52.100 0 0 3.5 -3.0000 0 0 5 -200.00
1 -41.3 175.2 -51.800 0 0 3.5 -3.5000 0 0 5 -300.00
1 -41.3 175.2 -53.200 0 0 3.5 -2.5000 0 0 5 -400.00
1 -41.3 175.2 -55.300 0 0 3.5 -2.1000 0 0 5 -500.00
1 63.4 28.6 78.000 0 0 3.5 0 0 0 9999 1700.0
1 63.4 28.6 76.500 0 0 3.5 0.0000 0 0 5 1600.0
1 63.4 28.6 74.000 0 0 3.5 19.000 0 0 5 1500.0
1 63.4 28.6 74.500 0 0 3.5 12.800 0 0 5 1400.0
1 63.4 28.6 69.500 0 0 3.5 13.000 0 0 5 1300.0
1 63.4 28.6 73.200 0 0 3.5 24.500 0 0 5 1200.0
1 63.4 28.6 74.300 0 0 3.5 26.500 0 0 5 1100.0
1 63.4 28.6 75.800 0 0 3.5 29.000 0 0 5 1000.0
1 63.4 28.6 76.700 0 0 3.5 24.000 0 0 5 900.00
1 63.4 28.6 77.500 0 0 3.5 23.000 0 0 5 800.00
1 63.4 28.6 81.000 0 0 3.5 15.000 0 0 5 700.00
1 63.4 28.6 80.000 0 0 3.5 12.000 0 0 5 600.00
1 63.4 28.6 79.200 0 0 3.5 6.0000 0 0 5 500.00
1 63.4 28.6 79.300 0 0 3.5 -1.5000 0 0 5 400.00
1 63.4 28.6 74.000 0 0 3.5 1.0000 0 0 5 300.00
1 63.4 28.6 75.000 0 0 3.5 1.0000 0 0 5 200.00
1 63.4 28.6 74.000 0 0 3.5 2.0000 0 0 5 100.00
1 63.4 28.6 72.000 0 0 3.5 -2.0000 0 0 5 0.0000
1 63.4 28.6 69.500 0 0 3.5 -11.000 0 0 5 -100.00
1 63.4 28.6 69.800 0 0 3.5 -10.000 0 0 5 -200.00
1 63.4 28.6 69.300 0 0 3.5 -12.000 0 0 5 -300.00
1 63.4 28.6 70.200 0 0 3.5 -4.5000 0 0 5 -400.00
1 63.4 28.6 70.000 0 0 3.5 2.5000 0 0 5 -500.00
1 63.4 28.6 69.700 0 0 3.5 8.5000 0 0 5 -600.00
1 63.4 28.6 70.400 0 0 3.5 7.8000 0 0 5 -700.00
1 63.4 28.6 71.200 0 0 3.5 21.000 0 0 5 -800.00
1 63.4 28.6 78.000 0 0 3.5 32.000 0 0 5 -900.00
1 63.4 28.6 77.500 0 0 3.5 5.0000 0 0 5 -1000.0
1 -41.0 288.5 -48.100 0 0 3.5 16.900 0 0 5 1800.0
1 -41.0 288.5 -56.500 0 0 3.5 13.400 0 0 5 1700.0
1 -41.0 288.5 -61.300 0 0 3.5 8.9000 0 0 5 1600.0
1 -41.0 288.5 -64.000 0 0 3.5 4.0000 0 0 5 1500.0
1 -41.0 288.5 -65.000 0 0 3.5 1.0000 0 0 5 1400.0
1 -41.0 288.5 -67.000 0 0 3.5 -4.0000 0 0 5 1300.0
1 -41.0 288.5 -64.000 0 0 3.5 -2.0000 0 0 5 1200.0
1 -41.0 288.5 -63.000 0 0 3.5 5.0000 0 0 5 1100.0
1 -41.0 288.5 -62.000 0 0 3.5 -2.0000 0 0 5 1000.0
1 -41.0 288.5 -62.000 0 0 3.5 5.0000 0 0 5 900.00
1 -41.0 288.5 -61.000 0 0 3.5 10.000 0 0 5 800.00
1 -41.0 288.5 -60.000 0 0 3.5 12.000 0 0 5 700.00
1 -41.0 288.5 -59.000 0 0 3.5 25.000 0 0 5 600.00
1 -41.0 288.5 -60.000 0 0 3.5 17.000 0 0 5 500.00
1 -41.0 288.5 -61.000 0 0 3.5 0.0000 0 0 5 400.00
1 -41.0 288.5 -60.000 0 0 3.5 -8.0000 0 0 5 300.00
1 -41.0 288.5 -59.000 0 0 3.5 -5.0000 0 0 5 200.00
1 -41.0 288.5 -60.000 0 0 3.5 -2.0000 0 0 5 100.00
1 -41.0 288.5 -58.000 0 0 3.5 0.0000 0 0 5 0.0000
