1 0	-29988	0	22.40	0     IGRF1980 From Table 23 of Langel
1 1	-1957	5606	11.30	-15.90
2 0	-1997	0	-18.30	0
2 1	3028	-2129	3.20	-12.70
2 2	1662	-199	7	-25.20
3 0	1279	0	0	0
3 1	-2181	-335	-6.50	0.20
3 2	1251	271	-0.70	2.7
3 3	833	-252	1	-7.90
4 0	938	0	-1.40	0
4 1	783	212	-1.40	4.60
4 2	398	-257	-8.20	1.60
4 3	-419	53	-1.80	2.9
4 4	199	-298	-5	0.40
5 0	-219	0	1.50	0
5 1	357	46	0.40	1.80
5 2	261	149	-0.8	-0.4
5 3	-74	-150	-3.30	0
5 4	-162	-78	0.20	1.30
5 5	-48	92	1.40	2.10
6 0	49	0	0.40	0
6 1	65	-15	0	-0.50
6 2	42	93	3.40	-1.4
6 3	-192	71	0.80	0
6 4	4	-43	0.80	-1.60
6 5	14	-2	0.30	0.50
6 6	-108	17	-0.1	10
7 0	70	0	-1	0
7 1	-59	-83	-0.80	-0.40
7 2	2	-28	0.40	0.40
7 3	20	-5	0.50	0.20
7 4	-13	16	1.60	1.40
7 5	1	18	0.10	-0.50
7 6	11	-23	0.10	-0.10
7 7	-2	-10	0	1.10
8 0	20	0	0.80	0
8 1	7	7	-0.20	-0.10
8 2	1	-18	-0.30	-0.70
8 3	-11	4	0.30	0
8 4	-7	-22	-0.80	-0.80
8 5	4	9	-0.20	0.20
8 6	3	16	0.70	0.20
8 7	7	-13	-0.30	-1.10
8 8	-1	-15	1.20	0.80
9 0	6	0	0	0
9 1	11	-21	0	0
9 2	2	16	0	0
9 3	-12	9	0	0
9 4	9	-5	0	0
9 5	-3	-7	0	0
9 6	-1	9	0	0
9 7	7	10	0	0
9 8	1	-6	0	0
9 9	-5	2	0	0
10 0	-3	0	0	0
10 1	-4	1	0	0
10 2	2	1	0	0
10 3	-5	2	0	0
10 4	-2	5	0	0
10 5	5	-4	0	0
10 6	3	-1	0	0
10 7	1	-2	0	0
10 8	2	4	0	0
10 9	3	-1	0	0
10 10	0	-6	0	0
