1 0 -29682.0 0 0.0 17.60 0.00 IGRF95
1 1 -1789.0 5318.0 13.00 -18.30
2 0 -2197.0 0.0 -13.20 0.00
2 1 3074.0 -2356.0 3.70 -15.00
2 2 1685.0 -425.0 -0.80 -8.80
3 0 1329.0 0.0 1.50 0.00
3 1 -2268.0 -263.0 -6.40 4.10
3 2 1249.0 302.0 -0.20 2.20
3 3 769.0 -406.0 -8.10 -12.10
4 0 941.0 0.0 0.80 0.00
4 1 782.0 262.0 0.90 1.80
4 2 291.0 -232.0 -6.90 1.20
4 3 -421.0 98.0 0.50 2.70
4 4 116.0 -301.0 -4.60 -1.00
5 0 -210.0 0.0 0.80 0.00
5 1 352.0 44.0 0.10 0.20
5 2 237.0 157.0 -1.50 1.20
5 3 -122.0 -152.0 -2.00 0.30
5 4 -167.0 -64.0 -0.10 1.80
5 5 -26.0 99.0 2.30 0.90
6 0 66.0 0.0 0.50 0.00
6 1 64.0 -16.0 -0.40 0.30
6 2 65.0 77.0 0.60 -1.60
6 3 -172.0 67.0 1.90 -0.20
6 4 2.0 -57.0 -0.20 -0.90
6 5 17.0 4.0 -0.20 1.00
6 6 -94.0 28.0 0.00 2.20
7 0 78.0 0.0 -0.20 0.00
7 1 -67.0 -77.0 -0.80 0.80
7 2 1.0 -25.0 -0.60 0.20
7 3 29.0 3.0 0.60 0.60
7 4 4.0 22.0 1.20 -0.40
7 5 8.0 16.0 0.10 0.00
7 6 10.0 -23.0 0.20 -0.30
7 7 -2.0 -3.0 -0.60 0.00
8 0 24.0 0.0 0.30 0.00
8 1 4.0 12.0 -0.20 0.40
8 2 -1.0 -20.0 0.10 -0.20
8 3 -9.0 7.0 0.40 0.20
8 4 -14.0 -21.0 -1.10 0.70
8 5 4.0 12.0 0.30 0.00
8 6 5.0 10.0 0.20 -1.20
8 7 0.0 -17.0 -0.90 -0.70
8 8 -7.0 -10.0 -0.30 -0.60
9 0 4.0 0.0 0.00 0.00
9 1 9.0 -19.0 0.00 0.00
9 2 1.0 15.0 0.00 0.00
9 3 -12.0 11.0 0.00 0.00
9 4 9.0 -7.0 0.00 0.00
9 5 -4.0 -7.0 0.00 0.00
9 6 -2.0 9.0 0.00 0.00
9 7 7.0 7.0 0.00 0.00
9 8 0.0 -8.0 0.00 0.00
9 9 -6.0 1.0 0.00 0.00
