  299.5    76.7 
    8.1    56.8 
  342.7    68.2 
  329.5    64.9 
  148.0    82.6 
  343.7    67.2 
   51.5    80.3 
    1.1    68.2 
   68.1    60.3 
  339.9    30.1 
   22.9    72.1 
   37.5    69.6 
  255.4    74.7 
  139.4    88.3 
  353.1    57.5 
    2.2    67.1 
   70.2    66.2 
  327.2    78.7 
   15.4    82.8 
  345.1    70.0 
   36.2    68.1 
  322.3    52.9 
    6.2    62.8 
  351.5    68.5 
  286.6    74.5 
  259.9    68.0 
  341.1    59.6 
   11.1    62.6 
  319.0    70.2 
   31.5    86.1 
   10.7    63.0 
  334.0    62.5 
  281.6    62.0 
   33.7    63.1 
  319.7    70.0 
  287.7    85.1 
   69.8    61.7 
   27.2    61.3 
  282.0    86.0 
  349.1    73.0 
   33.2    77.6 
  108.7    78.2 
   20.3    54.5 
  165.3    78.7 
  289.2    67.8 
   31.9    72.4 
   39.7    79.0 
   12.7    43.3 
  327.9    70.8 
  184.3    86.0 
    2.5    65.2 
  354.1    57.8 
  172.0    86.1 
  335.2    77.0 
  329.0    81.1 
  347.9    75.1 
  328.0    69.3 
   12.0    75.5 
  322.4    51.1 
  351.0    52.9 
  319.4    87.0 
   77.3    70.5 
  345.1    63.5 
   46.0    81.6 
  359.9    76.9 
   44.6    71.1 
  355.6    80.0 
   12.2    76.0 
   50.4    72.0 
  338.6    65.5 
  358.6    71.4 
   36.5    68.5 
  333.6    60.1 
  349.4    70.4 
  251.6    66.6 
  331.8    55.8 
  347.7    61.9 
  346.4    61.9 
   69.0    75.1 
  300.6    64.2 
   53.5    79.9 
  108.4    57.1 
  137.3    76.6 
   33.6    64.5 
  269.5    61.8 
   75.5    70.8 
   37.8    73.5 
   75.9    75.5 
   64.3    83.3 
  345.5    82.1 
    7.7    59.3 
   11.7    55.7 
   40.8    71.1 
   44.2    78.5 
  335.2    79.0 
  341.8    73.3 
   15.2    74.3 
  338.4    54.5 
   70.9    74.0 
  335.8    68.9 
