   0.354126
   0.329834
   0.636719
   0.784424
   6.27637
   4.32172
   0.885132
   1.60516
   1.81104
   0.579468
   4.32825
   4.83698
   10.6039
   1.61658
   3.52527
   1.17285
   0.369995
   2.96960
   0.541382
   1.30298
   1.35925
   8.447266E-02
   0.231628
   0.481323
   1.33716
   3.15894
   1.11328
   1.71747
   0.862671
   0.680115
   0.777100
   0.271606
   1.31689
   0.623779
   0.261719
   0.233276
   2.59961
   0.943481
   1.24927
   0.113647
   0.702637
   0.252808
   12.6012
   1.00073
   7.08875
   0.169189
   2.40698
   0.484375
   2.87939
   7.81775
   3.96265
   1.98877
   2.55151
   1.84143
   0.317627
   0.360596
   1.02161
   2.43994
   0.866882
   0.376770
   1.81567
   2.20813
   1.17834
   9.472656E-02
   0.150024
   2.39661
   1.00940
   1.82898
   0.204102
   2.40631
   0.357300
   0.384766
   1.25305
   0.909912
   6.41162
   1.23938
   0.233276
   0.317261
   4.302979E-02
   4.38928
   6.86157
   0.222534
   0.609985
   6.29504
   2.83228
   1.16882
   11.0316
   1.46936
   7.97742
   0.220154
   1.04041
   5.76123
   2.82629
   0.265015
   1.56067
   0.616699
   6.970215E-02
   1.78430
   0.606201
   3.94727
   5.48755
   3.24585
   1.12854
   2.34729
   3.74561
   0.711304
   5.895996E-02
   0.971069
   0.180298
   0.443604
   0.308594
   2.26782
   0.950439
   4.16846
   4.34534
   0.515137
   2.75085
   0.655273
   7.64697
   4.05493
   3.40051
   0.330322
   3.41760
   0.298096
   0.527954
   6.237793E-02
   0.121582
   4.12634
   0.105469
   0.949463
   3.18066
   6.31116
   1.65637
   3.09778
   1.81226
   0.946777
   0.451294
   4.10205
   2.98230
   1.99731
   1.04993
   0.972534
   1.20398
   5.50073
   2.26013
   2.31079
   8.58496
   0.319458
   0.186890
   0.561768
   1.87280
   0.645874
   1.37366
   0.670654
   2.29810
   6.35608
   10.5798
   5.44171
   0.876221
   1.61462
   1.39746
   1.57880
   2.26660
   1.00342
   2.22083
   2.97205
   5.08032
   3.17383
   4.67053
   2.02698
   0.688110
   2.77148
   0.188965
   0.733154
   0.588379
   1.36945
   0.493042
   1.32324
   1.26306
   3.49500
   1.21497
   0.186890
   1.79065
   1.72876
   2.59412
   0.818848
   0.835266
   2.15015
   0.269653
   1.52698
   0.921265
   1.80127
   1.56409
   4.412842E-02
   0.918457
   0.690796
   0.228149
   3.33118
   2.69189
   4.41321
   0.311523
   0.192139
   1.00293
   0.322754
   1.03076
   0.462646
   0.934326
   0.119873
   2.15466
   0.782959
   0.518311
   0.499390
   1.14807
   7.77405
   2.99158
   15.5251
   2.71759
   0.427246
   2.20508
   1.30078
   1.63196
   0.946167
   0.440796
   3.82422
   0.180054
   1.22650
   2.02502
   0.153564
   1.21130
   3.02881
   1.48071
   1.82336
   0.909424
   3.05725
   0.450073
   1.30493
   1.72363
   0.452026
   0.562744
   1.55371
   3.58691
   2.28784
   5.95044
   0.322021
   0.517822
   0.861938
   1.34424
   5.65527
   3.70862
   0.477234
   1.12231
   3.57300
   1.01611
   0.354370
   1.647949E-02
   2.80103
   0.523376
   3.49084
   0.403442
   2.374268E-02
   3.637695E-02
   1.18713
   8.24292
   5.255127E-02
   0.104004
   3.28241
   0.650024
   0.923462
   1.99536
   0.536621
   3.02319
   0.137451
   4.69214
   0.303955
   1.54993
   1.44849
   3.44727
   7.629395E-03
   0.761230
   7.299805E-02
   2.53601
   0.220947
   1.66425
   1.513672E-02
   0.545898
   0.519287
   0.431274
   0.689575
   0.558594
   0.763428
   4.34595
   0.549255
   1.29175
   0.853027
   4.20190
   4.49243
   1.00604
   4.11890
   0.551392
   11.1440
   0.116699
   1.440430E-02
   0.725342
   1.49377
   0.903564
   1.85706
   0.430420
   2.612305E-02
   1.79572
   2.941895E-02
   0.833984
   0.950073
   2.06445
   0.464233
   6.08875
   0.411255
   0.568115
   1.42041
   0.410156
   2.20007
   6.47961
   2.19043
   0.579834
   4.90100
   0.181885
   3.07446
   0.342407
   0.423401
   0.195557
   2.05017
   0.384277
   0.722351
   4.22656
   1.60901
   3.38257
   3.64099
   1.26587
   1.17480
   0.741455
   2.76239
   4.09149
   3.09253
   0.633667
   7.26245
   3.91553
   1.75281
   2.03638
   0.722656
   1.62238
   0.281250
   4.81311
   2.20398
   8.02747
   1.269531E-02
   0.525757
   3.42981
   0.330200
   0.711304
   3.63403
   1.92145
   5.14233
   0.376099
   1.64954
   1.94531
   1.81226
   2.63965
   3.12830
   1.91187
   3.94873
   1.55383
   0.764893
   1.57660
   2.648926E-02
   2.71362
   0.342590
   0.497070
   1.10345
   6.225586E-02
   1.12732
   1.32544
   0.147827
   2.81665
   2.58826
   1.36902
   1.44177
   0.264648
   3.92798
   4.54620
   0.559937
   1.24280
   1.78918
   0.412598
   3.27832
   0.461731
   1.26038
   1.36157
   0.653931
   3.29047
   6.24084
   0.563232
   2.83850
   2.69348
   2.95581
   5.43103
   7.043457E-02
   0.782532
   0.217529
   0.950195
   0.570313
   4.01721
   0.871460
   0.658203
   5.57898
   0.511108
   4.63525
   1.29968
   0.454468
   5.00842
   1.21533
   0.734985
   1.05304
   4.47766
   3.15674
   1.72687
   1.77722
   0.984253
   4.77710
   4.90027
   0.761230
   1.12402
   4.10327
   1.10339
   8.764648E-02
   1.90686
   3.14844
   0.999268
   4.26086
   2.19141
   1.18652
   1.02246
   0.884277
   0.397949
   7.03064
   2.66931
   8.46204
   1.49023
   0.438354
   0.448608
   0.154053
   5.883789E-02
   7.50757
   0.288696
   7.409668E-02
   1.65344
   1.07605
   4.45325
   0.170410
   0.174927
   1.40063
   2.11304
   1.93872
   1.45123
   6.11902
   2.13159
   0.356079
   8.453369E-02
   2.08923
   0.552856
   5.66248
   0.589600
   3.14185
   0.408569
   1.62109
   2.52002
   2.48828
   0.241455
   2.294922E-02
   4.19226
   0.232666
   5.01465
   0.876221
   0.720337
   2.94397
   2.16040
   0.440063
   1.52747
   0.413208
   4.55408
   0.294922
   8.703613E-02
   0.826416
   1.51208
   3.01855
   5.19556
   1.64343
   1.66370
   3.95410
   7.26825
   2.28125
   1.09436
   1.07727
   6.02795
   2.50684
   0.198120
   1.89392
   1.26392
   8.79858
   6.25818
   1.71680
   1.42334
   1.78430
   2.19946
   2.70776
   6.90991
   1.74744
   0.442505
   1.03149
   2.355957E-02
   1.89111
   3.98401
   7.12073
   0.158081
   4.04028
   0.146606
   1.09729
   7.02002
   0.426758
   1.953125E-03
   0.570740
   3.24402
   1.97058
   1.66003
   1.61963
   4.52734
   4.45715
   1.62585
   1.52734
   5.55493
   3.90784
   5.82214
   8.30786
   0.630859
   1.90308
   1.29224
   0.391235
   2.50610
   3.01770
   1.86279
   0.588867
   3.30847
   0.775146
   1.11633
   1.01697
   0.645996
   1.65594
   1.33667
   3.06946
   6.262207E-02
   3.53467
   9.777832E-02
   2.63525
   3.27875
   1.60291
   3.02295
   0.109680
   0.292847
   4.98560
   1.66907
   6.61462
   2.92578
   8.70081
   0.343018
   3.25531
   0.324280
   2.32581
   0.380981
   1.40808
   0.698242
   0.536743
   0.583740
   1.367188E-02
   9.777832E-02
   0.280029
   1.44287
   0.515869
   1.31702
   1.34827
   5.651855E-02
   7.55652
   0.913696
   5.13934
   11.3239
   3.22681
   1.81079
   1.51770
   0.971680
   0.541870
   0.284302
   0.109985
   1.17212
   1.31750
   2.05212
   0.526428
   6.89258
   1.03632
   0.633911
   0.608765
   0.303711
   0.626709
   2.74365
   2.76196
   0.942993
   1.69604
   1.24487
   0.218750
   1.82959
   0.348022
   4.272461E-02
   1.41663
   2.45886
   4.57556
   1.94763
   0.469238
   0.572144
   3.51624
   4.46777
   0.311035
   9.240723E-02
   0.823486
   0.307495
   1.26123
   0.900146
   2.54724
   0.466064
   4.52185
   7.55505
   0.931274
   1.29126
   1.22498
   0.435303
   2.01343
   0.672852
   0.703735
   5.05505
   0.387695
   5.64185
   0.445923
   0.746216
   8.67480
   2.60980
   0.789063
   1.44775
   1.35852
   1.76489
   0.807739
   0.666992
   3.28821
   2.48486
   3.35962
   0.314697
   7.714844E-02
   4.614258E-02
   0.272583
   9.643555E-02
   1.50146
   3.80676
   0.140442
   0.108521
   3.55420
   1.45605
   3.82336
   6.22333
   2.17847
   0.175659
   0.876953
   1.60864
   2.087402E-02
   0.574036
   1.77161
   8.203125E-02
   1.10022
   1.62415
   2.92969
   1.62842
   0.293335
   0.465088
   1.31482
   0.144348
   3.63123
   0.244629
   4.18274
   1.29126
   1.25574
   0.502686
   0.332886
   1.02759
   6.23969
   0.577637
   2.42432
   2.20789
   0.103516
   1.34900
   3.68848
   0.273315
   0.539551
   0.385376
   0.883301
   4.345703E-02
   0.411987
   2.70007
   4.96948
   7.16003
   0.828247
   3.97241
   1.25928
   4.18640
   2.05408
   3.31714
   1.14661
   3.85406
   4.81897
   9.643555E-02
   2.93408
   9.729004E-02
   5.39502
   0.539307
   4.99158
   6.20374
   4.75562
   0.852417
   2.39172
   1.00208
   5.31470
   0.812317
   0.609131
   4.14551
   5.79004
   5.36401
   6.87524
   0.480469
   0.574951
   2.60034
   3.50110
   2.02466
   1.123047E-02
   0.911621
   0.588501
   0.716431
   2.24194
   0.319336
   0.599243
   2.74976
   2.91119
   9.79956
   4.66943
   3.34247
   3.55017
   2.26318
   0.119202
   0.231201
   1.50513
   0.763245
   1.26141
   6.24890
   2.53479
   0.850464
   0.288208
   7.568359E-03
   0.801514
   1.64136
   2.70654
   1.60474
   7.031250E-02
   4.028320E-02
   1.02722
   2.78442
   0.899902
   0.942566
   4.47656
   1.13062
   0.428589
   0.112061
   1.56677
   1.08521
   2.74097
   0.380005
   9.98682
   2.20288
   0.994385
   0.649170
   0.582153
   1.40845
   2.74878
   0.853699
   5.822754E-02
   1.59753
   3.92651
   4.54523
   0.435791
   0.353882
   1.76379
   0.849976
   0.868652
   1.53528
   0.809448
   0.480103
   0.553467
   3.88367
   1.50476
   1.72534
   1.34741
   0.833130
   4.21265
   0.193481
   2.09753
   3.44769
   1.70056
   1.696777E-02
   0.278687
   0.799072
   3.50720
   4.69666
   0.483521
   0.257202
   0.800415
   2.10168
   0.921387
   0.484131
   2.45117
   0.269043
   2.14160
   0.721558
   2.45239
   1.09949
   0.951172
   0.577148
   2.04858
   0.195251
   11.0189
   0.663696
   0.581177
   4.16174
   6.518555E-02
   6.24670
   0.306885
   0.805054
   2.28564
   0.347534
   0.413330
   0.820801
   0.263062
   1.41760
   1.97595
   3.19934
   6.00269
   4.58875
   0.922852
   15.1124
   4.34351
   3.02356
   1.01929
   3.18689
   4.34680
   0.253052
   7.049561E-02
   5.01953
   1.73920
   0.950928
   2.19971
   0.104980
   0.979248
   2.25415
   1.00391
   2.05029
   1.50452
   0.727417
   1.93762
   0.222412
   0.181885
   2.68604
   6.94177
   4.882813E-02
   2.11865
   0.573120
   3.99536
   0.536255
   5.13428
   2.87793
   7.18311
   2.75623
   0.409546
   0.266602
   3.09082
   0.363281
   1.59802
   1.11475
   2.08875
   1.18311
   4.94312
   0.432007
   2.12598
   11.1857
   1.23132
   0.978760
   4.04016
   0.758789
   4.32874
   0.482910
   7.40137
   1.25073
   2.75928
   2.25061
   1.30811
   1.40564
   2.90088
   1.37744
   1.68713
   1.54346
   1.16040
   6.50830
   1.96472
   1.44647
   1.25684
   0.837891
   4.13086
   0.574585
   2.79431
   2.03601
   3.43030
   5.04968
   0.939209
   1.51654
   5.08417
   1.10852
   0.694214
   0.764038
   0.335693
   1.07178
   0.597412
   0.693970
   4.04724
   1.75354
   0.675354
   1.78369
   0.943359
   1.14368
   3.73950
   3.01270
   1.14136
   1.17078
   1.29126
   0.621948
   0.711914
   1.19336
   1.00952
   0.862915
   2.38733
   0.643433
   2.880859E-02
   0.229004
   3.66150
   0.480225
   5.26904
   5.18237
   1.79700
   4.97986
   2.697754E-02
   1.61792
   1.67908
   2.46912
   2.88806
   3.07263
   0.941772
   4.333496E-02
   6.298828E-02
   1.07849
   3.20898
   0.184937
   2.05298
   1.10260
   0.890686
   6.19238
   0.341309
   0.328003
   0.512573
   1.17932
   3.63562
   0.144653
   0.529236
   2.84991
   0.618286
   0.672852
   0.826355
   2.49731
   1.96082
   2.62170
   1.04553
   5.53772
   0.634033
   0.212219
