  3.33786011E-05
 -.000133484602
 -5.00679016E-05
  3.33786011E-05
  .000200271606
 -8.37445259E-06
 -8.37445259E-06
 -5.00977039E-05
 -8.37445259E-06
 -8.37445259E-06
 -8.34465027E-06
 -8.34465027E-06
  3.33189964E-05
 -8.34465027E-06
 -8.34465027E-06
 -.000233322382
 -.000233322382
  7.77244568E-05
  7.77244568E-05
  7.77244568E-05
  3.88026237E-05
  .000194340944
  7.77244568E-05
  3.88026237E-05
 -.000116705894
  3.88324261E-05
 -.000116705894
 -.000155568123
  3.88324261E-05
  .000194340944
 -.000203996897
 -.000204026699
  .000271916389
  6.7949295E-05
  6.7949295E-05
  .000135958195
  .000135958195
 -.000136017799
  .000135958195
  .000135958195
 -6.80088997E-05
 -6.80088997E-05
 -.000136017799
 -6.80088997E-05
 -6.80088997E-05
 -.000218361616
 -.000218391418
  6.46710396E-05
  .000105112791
  .000105112791
 -1.61826611E-05
 -.000177919865
  .00014552474
 -1.61826611E-05
  .000145554543
  2.42888927E-05
  2.42590904E-05
 -1.61528587E-05
  2.42888927E-05
  2.42590904E-05
 -.00022700429
 -.00022700429
  4.69386578E-05
  8.60989094E-05
  8.60989094E-05
 -.000148713589
  .000164359808
  .000125229359
  .00016438961
 -.000148743391
 -.000109612942
  4.69386578E-05
 -.000109612942
  .000203490257
  4.69386578E-05
 -.000152260065
 -.000152289867
  .0001475811
  3.22461128E-05
  3.22461128E-05
  9.20891762E-06
 -8.30292702E-05
  .000101476908
  9.20891762E-06
  .000101476908
 -1.38878822E-05
 -1.38878822E-05
  9.20891762E-06
 -1.38878822E-05
 -1.38878822E-05
 -.00019672513
 -.000360667706
  4.92036343E-05
  .000131160021
  .000295102596
  8.13603401E-06
  8.16583633E-06
  4.91440296E-05
  8.13603401E-06
  8.16583633E-06
  8.16583633E-06
  8.16583633E-06
 -3.28421593E-05
  8.16583633E-06
  8.16583633E-06
 -7.15255737E-06
 -.000150680542
  2.86698341E-05
 -7.15255737E-06
  .000136315823
 -4.30345535E-05
 -4.30345535E-05
  .000100493431
 -4.30345535E-05
 -4.30345535E-05
 -.000150710344
 -7.21216202E-06
  .000100433826
  .000136315823
 -7.21216202E-06
