1 0 -30.000000 0.000000
1 1 0.116804 0.312925
2 0 -1.084134 0.000000
2 1 -0.162684 -0.494206
2 2 0.324327 -0.280945
3 0 -0.284591 0.000000
3 1 0.060307 -0.108124
3 2 0.085893 0.089452
3 3 0.136414 -0.138830
4 0 0.044126 0.000000
4 1 0.082816 0.087568
4 2 -0.009701 -0.094280
4 3 -0.058086 -0.080475
4 4 -0.036387 0.018488
5 0 0.021022 0.000000
5 1 0.002918 -0.007275
5 2 -0.023187 -0.025846
5 3 0.014741 0.024167
5 4 0.017404 0.008458
5 5 -0.004555 -0.019914
6 0 0.000720 0.000000
6 1 -0.009096 -0.007088
6 2 0.007737 0.000673
6 3 -0.003198 0.004971
6 4 -0.005469 -0.009755
6 5 -0.011162 -0.006618
6 6 -0.000419 0.017061
7 0 -0.001392 0.000000
7 1 -0.001381 -0.000448
7 2 0.002013 -0.000065
7 3 -0.001042 -0.000526
7 4 -0.000814 -0.004879
7 5 0.001290 -0.000097
7 6 -0.000529 0.002162
7 7 0.004194 -0.001255
8 0 -0.000775 0.000000
8 1 0.000144 0.000547
8 2 -0.000374 0.000970
8 3 0.000186 -0.000681
8 4 0.000351 -0.000037
8 5 0.000264 0.000182
8 6 -0.000911 -0.000078
8 7 0.000321 -0.000420
8 8 -0.000838 0.000663
9 0 -0.000041 0.000000
9 1 -0.000026 -0.000013
9 2 -0.000056 -0.000050
9 3 -0.000150 -0.000222
9 4 -0.000028 0.000106
9 5 -0.000116 0.000376
9 6 0.000172 -0.000271
9 7 0.000203 -0.000254
9 8 -0.000020 -0.000253
9 9 0.000080 0.000047
10 0 0.000035 0.000000
10 1 0.000029 0.000028
10 2 -0.000002 -0.000055
10 3 0.000017 0.000014
10 4 0.000007 0.000035
10 5 0.000043 -0.000021
10 6 -0.000033 -0.000076
10 7 -0.000015 0.000015
10 8 -0.000090 0.000019
10 9 0.000019 0.000000
10 10 0.000000 0.000000
