1 0 30.000000 0.000000
1 1 -0.096547 -0.503837
2 0 1.153622 0.000000
2 1 0.681404 0.926910
2 2 -0.172222 0.156342
3 0 0.350477 0.000000
3 1 -0.164206 -0.136731
3 2 -0.414254 -0.089291
3 3 -0.232005 0.148598
4 0 -0.072430 0.000000
4 1 -0.134981 -0.092969
4 2 0.049117 0.119187
4 3 0.050938 0.114522
4 4 0.079818 0.011461
5 0 -0.012438 0.000000
5 1 0.039804 -0.006842
5 2 0.029433 -0.002170
5 3 -0.030037 -0.021670
5 4 -0.046982 -0.012015
5 5 -0.053076 0.044251
6 0 0.010671 0.000000
6 1 0.015758 0.003937
6 2 -0.014710 -0.004297
6 3 -0.000481 -0.003377
6 4 0.007587 0.009435
6 5 0.009388 0.008521
6 6 -0.002602 -0.016425
7 0 0.001313 0.000000
7 1 -0.001169 0.000293
7 2 -0.003635 0.001506
7 3 0.003682 0.000587
7 4 0.002597 0.001710
7 5 -0.001398 -0.001505
7 6 -0.004723 -0.001430
7 7 -0.003012 -0.000316
8 0 -0.000167 0.000000
8 1 -0.000191 -0.000221
8 2 0.000477 0.000092
8 3 0.000019 0.000855
8 4 -0.000233 -0.000024
8 5 0.000498 -0.000321
8 6 0.000958 0.000310
8 7 0.000673 0.000421
8 8 0.000746 -0.001101
9 0 0.000020 0.000000
9 1 -0.000009 0.000010
9 2 0.000065 -0.000037
9 3 0.000099 0.000310
9 4 0.000150 -0.000214
9 5 0.000181 -0.000252
9 6 -0.000186 0.000122
9 7 -0.000408 0.000305
9 8 -0.000293 0.000194
9 9 -0.000121 -0.000125
10 0 -0.000032 0.000000
10 1 -0.000047 -0.000015
10 2 0.000028 0.000009
10 3 0.000055 0.000005
10 4 0.000019 -0.000034
10 5 -0.000055 0.000054
10 6 0.000030 0.000081
10 7 0.000073 -0.000033
10 8 0.000098 -0.000063
10 9 -0.000043 0.000000
10 10 0.000000 0.000000
